10000
9933
5274
8969
7863
7847
2108
4558
6784
6671
3345
2514
1697
8977
2319
3451
5210
9196
328
3828
2730
4386
7385
6677
5826
3636
6251
554
5435
7228
3741
7679
7160
93
7726
6101
7940
9834
658
5802
7583
5083
8316
9281
4059
1714
3810
347
909
4138
5254
4718
9604
2638
2473
6508
6274
8724
7062
2787
7030
1881
1544
4190
1975
9270
1369
993
182
3107
6796
7765
8190
6190
8124
3327
8983
1934
4753
9892
7151
6
5688
6754
3723
8161
3261
1075
7963
1402
3862
4993
3283
6486
261
6337
5755
2709
7331
5937
6895
5205
4781
6163
2473
2904
9490
1456
5917
5321
2426
3068
5327
9194
9822
128
8433
4162
1203
6396
5564
5066
2467
9926
1551
3807
6263
8385
7595
4672
4322
4490
9877
9103
1731
3428
3085
1221
4884
9003
6542
7311
3149
2948
6504
2970
3076
4936
8211
4280
2410
3774
424
5956
3700
3054
841
9963
1438
8437
5713
6839
4005
6668
7020
5736
95
105
6957
6059
186
4578
3369
3335
8605
951
7384
2759
6966
5595
8118
455
447
9621
6411
4147
2674
7253
5188
4113
6768
900
2030
772
8647
9051
6508
8743
234
4544
4801
1499
200
9249
5913
8805
1278
4375
2642
8244
9970
760
9778
1496
380
6189
6722
4134
4520
1910
9326
1287
3889
1355
2059
3615
1484
8567
2357
1718
4189
8237
3217
4389
8564
9130
4272
9842
3505
6915
9164
4553
8754
20
7128
212
6209
3850
5425
1807
6839
4750
3094
727
7185
6232
4342
8669
5877
7778
387
66
7093
4683
4455
5656
4892
8728
6576
9476
6721
6819
5107
6553
6839
2235
7844
4126
6085
3269
5933
2923
8019
105
4729
5203
6337
150
3872
2213
7928
5338
3358
6100
20
7814
2834
5991
7620
9411
5466
5419
7308
573
1971
5225
2808
9815
429
9972
3083
6362
3973
2181
7546
8702
8463
4961
8852
2334
8253
7859
8751
1611
5037
9851
503
7871
5841
8123
8360
1307
4620
5667
1880
6591
1970
5767
7484
2399
6817
1646
9840
789
4906
7385
9491
3368
2345
9422
6782
1677
8359
5532
3288
3395
5382
3791
2344
1223
2992
704
2530
7612
6371
5489
5281
9421
2334
3843
1819
9151
5489
1659
9940
1473
122
508
4842
3547
1008
1623
5224
445
7155
8512
4919
3616
3381
7264
4839
6373
7968
8448
5063
5417
5015
343
4837
8428
5265
7736
7578
1833
473
8596
3306
595
182
8148
4142
2270
849
444
3794
8005
34
8714
2699
3415
7056
7538
866
6102
7064
5929
1518
3157
7351
7435
1584
2616
5170
9162
4449
5643
8836
7755
7317
96
6982
2538
3445
7831
2982
7240
6914
3017
7032
9613
7511
4087
8229
8378
188
6371
4306
2785
9528
1657
219
1111
5352
6468
1351
9801
3189
1265
8634
506
1362
6694
3044
4807
5604
7105
3125
3596
1200
156
4288
8712
5322
2516
7089
5510
9967
1394
9375
9494
4130
9594
1684
9482
7141
4114
360
329
5380
73
835
7821
6767
4958
3706
3449
3142
6832
7046
4342
8067
1333
4132
3389
4928
1220
9978
4894
3694
9352
5467
7824
24
7151
8385
7165
1264
8745
7494
7723
9897
9409
6622
7743
5445
328
1191
8587
8239
9316
4008
6305
648
8140
772
5577
439
750
1549
4133
101
7016
3035
125
5245
1419
7290
7589
1243
5863
5311
1139
5271
3012
8882
1794
3340
1152
1460
2657
467
5468
8962
1116
4686
9735
7772
5125
1563
399
336
1664
7416
3372
2869
3739
4791
1237
1327
7113
7100
7718
8253
3449
729
8213
5244
5148
9365
6704
7805
9833
3250
7845
2027
7936
8658
877
4140
220
1276
4476
2964
9771
7848
5833
3510
3718
7070
5916
830
5249
4712
161
8698
6520
9454
5020
1667
8818
1723
550
9729
6052
8396
2834
3988
8132
4790
8128
8353
6067
3682
1316
6916
1530
8228
1504
6327
6376
8500
8236
1624
3211
8398
322
9732
8930
6421
2477
8826
8145
3028
8555
5275
2502
2467
9263
633
7258
8469
8986
4403
2151
1380
1318
4760
9608
3902
2165
5984
2401
400
8687
5612
9877
9009
6422
8806
6509
8900
7632
4653
1927
7265
1006
4429
810
269
5062
8068
9817
5127
3549
3046
6507
5947
7806
7194
9849
9971
4256
2249
1450
2942
8940
1326
3030
5362
1211
9539
4261
8843
5270
7267
7186
6276
1695
7996
7624
7836
7143
7441
2962
691
486
548
6638
9372
7742
7565
420
3076
9814
2949
6018
8754
4276
9048
4115
6566
9665
9455
5408
4934
6721
3672
1210
9495
1667
8834
7330
9889
7353
1371
580
8919
1919
8297
9369
739
6941
867
4894
6754
3817
911
6586
8093
1038
1779
4658
702
2312
1144
6716
9033
5895
7926
9606
8641
7838
6936
8530
6270
9386
188
6267
2383
9564
5635
4201
6504
6502
9095
4337
318
1084
2001
9490
2122
3781
5226
3904
7172
7449
619
6205
3343
9624
5810
1984
8540
3824
513
4809
3209
1780
1075
6671
1343
7789
871
7848
4291
9966
2184
4609
1050
5264
5178
4251
9045
403
9234
7296
7853
9853
3500
2274
554
388
5337
9095
5292
5850
4982
9580
8709
6058
6251
52
3846
8201
7900
9216
9246
1162
4904
295
6426
81
5625
6550
1563
4859
3845
9416
5790
8424
2769
6345
9891
8106
5439
6261
5035
420
5841
3743
7557
3170
3795
2482
1370
2773
1697
615
5014
6601
1989
2519
7761
8694
9069
9325
3552
3992
9819
420
3494
2587
6765
4463
1772
3282
724
6807
4782
7644
1628
3417
813
5424
5899
3262
9276
8676
3878
4290
6355
6946
6809
4116
5639
6956
4519
269
2026
4337
690
6599
8004
8534
1061
9776
2895
2864
6582
8756
507
8210
2172
2399
4712
9151
5662
3988
8905
618
9357
5259
7564
7244
453
3203
4199
4972
3472
7304
388
5241
3902
8392
3775
6042
8167
7749
9986
5827
6504
492
5115
8676
3971
906
8905
9633
5973
7809
1329
5329
4147
8893
2572
4600
2095
7850
651
6647
5153
1039
1887
133
9431
6741
7254
8676
4489
7239
4502
992
8811
695
747
2781
1601
9652
3492
7574
8540
4821
3981
2686
3713
6553
8365
6888
5481
9016
3534
1712
1133
6500
1845
563
3241
9100
317
7730
6338
4819
9802
6227
6594
548
9008
8195
1278
3578
6848
896
8399
828
3582
3191
8461
1947
1157
3941
2041
5770
5654
3175
2269
8578
4817
6589
8756
5135
5398
6173
1032
5199
2399
7626
6826
2486
6900
9183
6064
3747
79
5542
5654
4740
9812
4114
7766
968
9135
9808
7817
4788
2982
1164
4444
8878
7754
3200
4012
3151
451
5045
8350
2850
3749
6254
5336
648
5436
2479
5474
6594
9100
1128
1334
8911
5242
9100
957
4376
8907
8774
242
2967
9938
5766
2924
8770
8966
6936
1920
495
3059
1348
3345
6809
7602
9761
8536
4117
3318
4010
710
2417
6217
2044
1327
2537
1144
3363
7993
1129
3215
9314
5176
4231
5079
8100
3001
5123
6114
4921
5618
9174
7349
42
7061
4950
881
5596
9067
4199
684
9778
7695
7980
2900
9022
517
5123
3463
9589
7332
6678
8902
2507
908
3981
1685
3909
182
7799
9910
6880
8051
7258
6922
6190
3286
7803
2865
2353
3080
4628
3209
774
2608
6109
874
4204
2311
4337
3792
9643
1014
3772
2149
3001
7753
4913
6911
9015
3790
7899
5894
2920
5156
2815
9110
8442
1696
1974
1873
5855
6603
5082
6629
289
2270
8582
4493
4581
2918
8285
5302
5011
2056
8530
9091
888
3442
7080
981
8311
4978
6875
1230
1212
768
340
9655
3543
3393
2606
9398
1074
8768
7105
1363
2116
5686
5856
7776
9683
5219
3077
5772
8355
1606
4862
321
5048
1942
1302
4437
7999
9256
5668
9212
23
7087
9945
4645
479
2550
4042
2633
2396
1146
3996
4512
7911
931
2287
8672
7229
5364
4443
6662
8049
383
8062
4175
3404
442
8613
1403
9698
4280
614
799
2445
558
5444
4003
4187
564
6636
6584
2789
1711
2174
1778
2642
4462
449
949
904
5971
7612
8954
6355
5673
3128
837
6116
1740
2240
6892
7099
3933
8771
9544
5570
5293
3547
9758
5858
182
7420
9726
1893
9594
1504
5614
5134
1953
6564
6039
7925
5254
6071
5358
2005
277
6195
9200
2018
9515
6092
195
3447
5941
9740
96
1233
3286
9854
8170
4547
8352
7896
7520
9024
9400
3133
5237
2431
775
1275
1434
6029
8425
6792
8035
8702
4066
7234
1798
4659
4404
1994
8106
344
1733
8202
2657
6098
9134
826
644
8564
9801
9243
8667
278
2376
3903
2710
3151
6257
5223
9181
4681
2015
8294
4461
7160
6606
6260
1818
1010
8254
1002
2433
1065
283
5090
8242
495
6996
9965
9060
6796
9208
7726
7075
1583
1628
863
5813
8964
6086
6072
3644
9180
4365
8105
7418
971
5443
314
3060
4775
1317
5493
5840
2679
1662
5160
3174
8658
5125
3312
5453
4332
2116
3606
6994
4823
5548
2806
3786
1634
8879
8509
1892
4322
6614
9311
6372
3135
9625
9432
7911
2020
6004
4829
4699
7666
9990
8953
6323
5114
2264
2854
524
4381
7540
7518
282
3087
1402
4069
5800
280
2577
7693
5682
269
8082
2053
3405
8785
2564
1315
805
8568
7223
6583
6233
7212
5535
3634
3404
7800
6488
5007
3259
4027
2524
3541
7115
3927
8689
3993
5286
1266
1685
967
2614
845
4100
6019
9631
6664
8413
1514
5231
5636
8097
2542
3926
3632
6176
8410
2510
2663
3416
5769
7770
5941
388
4884
946
9078
9956
6232
1422
2720
8279
4036
3565
2378
1134
4274
120
9547
5788
5351
6261
4964
7893
187
8596
5147
8597
2184
7810
2012
7953
5579
9032
9420
1541
1056
9576
2576
8368
997
5296
6646
6113
8861
102
7247
4214
222
6793
1
6652
4133
4965
5623
5399
4639
769
3995
6823
9658
7086
5854
6316
7197
6353
8936
8253
5928
1511
6620
6926
6807
4344
3038
6747
5525
284
960
5747
8156
961
3477
3367
7006
9100
8766
2723
947
3839
625
605
925
6479
8000
9201
3910
6935
7453
9839
8447
5152
6764
6332
574
880
3078
6100
2243
4038
1846
1477
6079
6403
4845
3084
6581
3610
6886
7529
7450
7511
9213
9454
5069
7212
8654
8979
5225
7185
8817
3671
3415
6659
1082
3990
8618
4160
89
860
8199
3014
2338
5356
9417
8262
8440
7077
1871
5325
4605
399
3915
4896
9853
8984
3186
9585
7962
8411
6770
6779
3161
1263
4516
4243
5253
3134
8403
6421
3994
7680
9436
7411
3035
9931
5672
2553
7007
8623
8958
2690
9022
2872
7586
9954
1855
771
9538
9817
9183
7386
7674
2343
8650
2190
7665
4981
6403
6067
1402
1475
4826
1916
8887
7861
1846
5637
1493
8854
5338
450
2622
5439
4401
208
5392
6256
979
6008
7151
1240
4473
5904
4662
4201
9173
2326
260
5575
9473
1662
7050
4298
3578
7015
3237
6504
2652
5809
6436
9069
6259
9058
4507
659
9266
977
7994
1324
8065
6224
3643
3616
2127
8306
8896
1299
1710
9156
6874
1182
1897
5002
6559
6554
2017
875
3057
5748
6684
9493
4816
4022
9630
402
5760
9974
2458
4833
2376
522
1056
6020
5217
3183
4325
4112
5561
7114
3268
3513
8297
5165
8515
5934
1718
531
7888
5855
6279
5651
6426
2174
751
6055
3655
7590
7108
6113
2422
9484
6636
4557
5503
1852
8819
906
7044
4379
9100
311
7892
7396
6555
6407
4408
9352
8017
3375
5206
5375
9026
2711
7549
9777
9845
1203
8445
6952
8395
867
6436
5030
6503
3017
7962
5322
5003
5005
9701
4102
6395
8672
2576
2949
5078
8063
3379
4173
1437
8586
9548
462
2375
8175
1317
2219
456
9763
9172
8852
1708
6686
4960
8211
781
2921
3532
6863
9005
4312
964
5399
2983
4619
9427
9140
2682
2806
3312
5198
2470
2860
5661
5924
2113
8057
8143
2570
8898
8393
2500
1684
5078
7460
974
6939
1460
5585
3801
464
9897
5845
6943
3958
463
7448
3097
4224
1332
7489
9423
4881
1427
6162
804
3540
4218
8948
7189
4195
7340
9689
5879
3497
7149
6853
1514
8609
2438
5315
151
3413
1159
8173
8451
2702
5621
1547
6926
6953
114
6348
1834
1541
2509
2638
6161
7807
2664
3349
2001
1083
3038
8959
5659
1265
6891
7173
952
407
2487
1103
4899
4726
355
3349
8507
5976
5976
5432
4007
6090
2859
6920
7632
5368
637
3792
4253
4380
8220
6254
5463
1257
6292
1121
3601
4261
8294
4553
4668
1860
6736
9567
7665
7091
3995
6171
4145
9971
2681
8152
6060
5540
6151
4770
1987
7867
9641
6240
2246
7861
3573
7710
196
9865
9910
3798
5204
9283
8351
9872
2221
5086
516
9886
3255
5590
7135
7400
5560
9816
6631
1620
6435
3860
7469
8422
1726
7110
5740
3972
4970
9313
2760
5166
255
3749
42
5459
3031
9473
6409
5252
4558
8005
5137
8893
3594
3350
6292
9155
4244
2922
1853
678
7861
9322
178
9587
6431
5919
4638
2479
5231
7398
8725
6566
1146
8767
2024
5256
8239
9513
507
3876
7517
6723
2768
2189
72
138
1343
5396
4140
4275
7153
2000
3597
7332
1587
1106
4329
6225
4665
638
4701
3389
7204
6927
3234
307
2182
2552
9820
2690
7507
8415
491
274
603
1643
1491
3026
7039
5631
8380
4191
7632
1976
1522
297
4162
6930
7601
8827
7569
3380
3294
4772
306
7607
5079
3568
158
5977
7337
7665
4391
7828
9018
6074
9471
1588
178
6509
7219
8558
1779
5929
1613
4380
7305
5775
1310
4905
5680
8879
8286
52
3650
9671
7659
9809
3238
8897
6864
574
7640
1255
8403
7737
8408
8952
9325
8586
6540
7622
7143
8319
3551
9835
2698
855
5609
4008
6840
2367
3965
5125
3498
8695
5874
2236
8503
9113
1132
5366
9687
9851
7700
9168
7587
7186
9199
7990
6850
5738
5612
3993
5135
241
3827
7833
2175
515
2920
9015
3961
7964
5218
8539
6658
1092
774
6239
204
2985
1605
969
2835
383
1216
1501
8649
414
9491
5498
7231
5102
569
2365
6422
5476
1276
8598
5991
5275
7612
1030
3239
2830
9569
975
5001
342
7215
6284
3327
9899
8332
7242
281
9548
8743
8930
1040
8233
5507
9350
4414
6076
1714
1914
1551
4070
511
8621
9345
8124
9652
3662
2032
298
4638
8112
1720
1852
4395
6126
1750
3805
3367
3110
3353
3188
3119
5472
2500
8626
4822
6914
4701
7615
9907
6253
1684
418
4873
2108
9621
5603
5770
2731
5902
1486
842
7622
4417
6316
4826
6167
120
8194
356
4552
1381
4554
1103
3881
3179
5925
1873
8959
4618
1780
5211
6303
3277
1163
9490
2897
6766
5259
5628
3746
7825
7549
2446
2241
4943
7273
9488
5063
6545
9844
694
7926
4397
1797
2886
8655
8801
4759
7613
3418
7618
3903
799
894
5066
288
4870
2910
6627
1576
7736
4451
9125
1260
6692
5146
8533
6179
1288
5077
7101
1982
4082
2576
4858
6968
1230
4737
2805
8844
9234
1502
2746
33
2396
8891
1400
7267
2879
9106
9922
614
3556
9047
1875
1327
5271
1486
8585
6559
7643
6765
8541
1724
9341
4477
9771
571
9214
2575
493
8448
4077
4318
9560
7553
3208
959
5898
7166
1144
5819
7781
4700
5944
734
7106
1215
3299
6770
7774
941
3534
7394
3744
2874
1870
3514
4524
2163
7169
5017
610
1245
9335
1248
9877
3621
3286
5774
787
4430
2672
9647
209
8616
1459
7315
9831
4758
4084
8684
5700
7618
7156
9444
1571
104
4037
6095
2267
1205
1112
3956
3529
446
5204
3406
4068
8491
258
5934
2920
2930
5580
4208
1546
7039
1523
2455
1796
5607
2217
8575
4304
9373
9098
5875
9478
3134
3048
1744
5418
4160
5701
8947
5686
1983
2352
832
473
2611
6766
4473
5541
2345
8681
8166
462
1282
621
2258
7969
2838
1912
2272
3290
1009
9226
2767
5222
2273
5590
639
7513
1290
664
3198
3274
4096
5109
4826
6707
1874
377
3326
5298
137
2571
5760
1419
3192
9097
9388
7109
2087
2738
398
4175
1963
4244
9397
5316
9835
1114
2828
2203
2858
6026
6556
6954
2213
1382
4739
4087
2838
9144
463
2975
1714
7302
4395
5985
7477
3782
3094
9565
7600
4571
3739
9563
9895
4215
4878
9729
6408
8785
3010
344
5889
9567
7298
8102
2027
2036
3267
4865
1180
3730
8920
3973
2110
3314
9959
9588
8175
3052
230
5774
8702
5048
6416
9675
341
2372
9403
6750
1157
3492
8173
8125
4137
5471
6227
6164
8586
9494
2107
844
3224
1026
4818
5334
5419
4776
6000
4673
8907
6230
1525
7608
1278
9020
8362
1619
1392
8843
9448
3628
2334
7621
1752
6471
4170
9058
3713
2755
8552
5821
3600
2854
7926
8418
9267
4424
4272
5267
9097
3178
2575
1700
1864
4932
720
225
6552
3191
9069
7078
7898
1402
5777
728
8953
1025
9787
2665
4860
8338
8486
8460
2270
7491
7956
1536
1914
3306
6803
2089
6484
9379
3789
8348
5389
5588
9653
1940
9858
8721
97
7755
1201
6953
9563
153
9058
9349
2819
3917
8765
2383
3455
1034
9874
2489
3649
2866
5795
1531
4955
2278
1988
9824
1704
7377
5411
1356
396
6348
1155
493
4102
2357
8525
3664
3589
7582
4091
7487
1498
3934
9871
6032
6047
822
8521
9697
3689
4315
1227
9723
7672
3215
9546
455
591
6036
1811
987
2383
4046
2559
7564
7482
2163
2307
2149
9745
6398
9637
2322
1411
9507
9433
7458
328
7954
8233
5096
2268
538
4819
1019
3753
5443
1474
5424
1478
4364
7490
4940
8410
1128
2504
6970
3291
4811
9120
4114
2287
8756
7515
3698
9341
6948
2235
9669
4901
1546
5844
8248
2085
662
9267
6917
6105
740
2340
8663
5105
909
3602
4593
2037
6106
2642
5328
1995
1761
9442
5362
1595
8036
9060
935
4983
2373
1682
962
3920
7526
9210
7084
8188
9556
4000
5372
1374
7420
4034
6479
8329
8715
2151
365
4821
4793
6772
7895
7633
7292
3256
9228
5327
3395
162
1388
5768
1844
2350
766
449
2639
8929
9716
2194
2929
5087
3568
348
199
1126
9756
8915
3277
1199
4814
9149
7971
2708
7860
6341
5965
7087
2747
438
8328
4135
6206
1250
6486
8052
1699
9125
6980
1415
2397
987
7581
5965
1335
8860
7091
2169
7774
1446
3368
3666
1673
2417
6374
9533
8759
3417
7698
1505
3855
6025
5640
1140
7276
3204
270
53
3407
7250
2547
5804
9317
128
1769
651
8988
9939
3900
7840
2464
7268
2584
4137
9686
8958
4749
8444
3454
2446
1027
8388
8472
6667
9528
6826
950
876
6879
4357
9206
9427
1240
8522
633
3009
251
699
4026
4151
9618
6490
1419
2201
1706
2183
2237
6455
626
6770
8901
1653
5158
8451
9399
5764
5276
348
6641
3234
5785
5846
3739
7025
4367
4372
1112
4618
6150
5138
8770
5767
2707
1267
9047
4413
3450
1283
867
5155
8054
846
6808
3211
9298
7285
53
5652
7634
6694
9965
4497
2539
3703
1521
7985
9154
2633
2603
5303
8850
2451
2148
1556
3718
1194
7048
7168
3557
8994
2322
1610
919
208
5900
1295
7493
5953
6947
6205
3726
7991
701
6265
1693
3301
4250
1926
5934
7932
8308
5863
382
456
8498
4100
2729
5546
2346
6286
5618
5747
8975
6537
5955
5953
7832
4526
2985
5858
1810
6711
3848
2511
4054
6620
5813
8304
9625
2825
7314
7933
8688
7696
9468
8265
2874
2196
3810
6299
9562
506
2045
9615
7044
9079
6647
5954
4684
9632
1811
6494
6342
6738
83
395
3358
6975
9779
2982
9801
8171
1993
9567
5867
1460
7831
9820
4736
2719
6119
5376
3226
9243
6069
1348
9401
2715
7302
4084
2346
192
577
9767
6930
660
1241
1366
7636
2098
5428
8515
268
8500
9160
7214
9961
8070
7034
5775
788
4231
2229
5093
4552
8298
7520
3952
1013
4822
8036
4438
6093
9692
4205
4101
1431
5446
6547
145
7544
3053
8660
8891
1552
8898
6105
2591
6967
4217
8366
8835
8448
1673
3927
4078
9972
1447
8031
2063
7348
7145
6501
4519
6837
705
8620
8268
7230
6245
8413
5852
9298
8151
5822
850
8127
1926
3441
5094
6143
2886
5007
5669
5638
12
9747
5609
2538
8856
7672
964
6001
5252
5483
2837
7036
5182
2183
5345
1426
1674
1196
724
903
7018
1574
9030
22
6094
5202
6165
58
208
2912
5697
221
2659
2384
3838
1514
56
4803
8594
6387
285
2509
3422
5467
5771
8767
6894
7445
1042
7618
9427
9139
270
9536
9162
7443
4737
6405
7502
6025
9318
4277
7325
3055
6661
1162
5648
7796
5965
4242
4182
6251
6751
7605
2796
2522
7450
9690
1045
8492
8386
472
7631
8656
7
6792
6099
5823
3196
4679
1847
2513
8956
250
5568
5616
1413
1216
3412
7378
6537
8673
4707
3287
6277
7504
6888
3727
7193
9013
3297
6658
563
927
5313
570
7719
2490
7472
1994
8248
398
5586
7203
648
2233
3898
3140
3449
8389
518
1064
7061
6304
5430
4417
3807
2318
9223
2079
1330
2519
9816
2972
3447
5128
4621
2244
8698
2092
4238
6945
3569
903
5227
4218
3136
203
7358
7664
8592
8955
8728
6731
6338
4157
1147
1223
7554
1448
3302
8884
3968
3117
1855
8494
9325
7555
737
9101
9648
6055
7124
3216
6958
3429
8513
1172
3632
6950
8836
3302
6983
7563
33
3320
1719
2259
4544
9274
3708
8925
9236
8755
3121
2170
7248
3524
9725
9064
3703
450
6197
826
3667
4233
5335
3258
5405
45
207
4240
3348
7191
2881
4460
1589
4601
7798
6133
4953
1505
6137
5267
1338
9258
8516
8586
2781
8241
8729
7563
9770
6004
8389
4515
237
4802
7774
5642
4848
7981
961
8196
6250
3842
3734
7840
9522
1531
3972
5553
4116
108
820
5454
444
9336
5119
4304
8655
4926
1866
8425
929
1334
2939
1166
6136
712
7888
983
9773
9928
257
6022
3769
5070
4940
4370
6602
8913
9923
717
99
742
6171
1623
1157
2368
5927
9812
7294
7794
9315
8224
206
2254
468
6342
4045
8356
8405
4896
8283
9741
918
3131
4811
6937
7501
2491
6928
8502
3208
7028
323
457
9730
1480
3905
5656
2370
1198
4528
1685
500
5813
5018
969
3234
141
9325
2717
5038
8687
2457
7035
1817
8347
3971
396
837
899
8898
5124
9006
299
6661
9814
1779
565
5469
5229
1763
1076
7993
2264
6889
3010
3233
1201
4230
3636
3918
9268
2322
6376
7381
5218
5801
2431
5614
7718
3330
5591
2841
3414
5890
9502
3227
8749
66
9775
3977
2909
1929
1969
6252
9898
6058
9485
1098
287
3120
5017
634
6522
2471
9094
1739
9351
1524
8433
7068
5933
4023
988
9347
991
1568
3652
9740
2714
4506
4795
5623
6435
6764
2953
6332
3900
2437
8510
5267
6636
3526
6980
3157
7076
6073
5976
6426
7598
4408
4573
3530
8431
5561
3956
500
8208
7608
240
921
2113
5035
7623
9628
2878
575
7038
7857
4091
5547
3123
727
151
102
4963
8306
7255
2017
4732
4852
6425
9305
8382
5934
5944
2337
6435
4151
1024
7754
6152
4216
2788
3774
3843
6745
5429
881
5681
9520
7507
8804
246
8738
9986
6289
7043
8319
8306
1774
3170
5810
2157
2630
1743
9180
6047
8178
4410
7071
7010
561
2365
9799
5414
6209
7622
842
8169
3302
362
6754
3185
1687
5491
4249
9055
2534
2567
7361
5387
5737
4249
8624
9446
5992
8882
5492
5249
3291
3641
2258
4931
6007
3135
345
3294
757
2266
2541
5138
3707
9295
8323
5395
5865
2571
4449
9478
5138
2888
4864
1953
7137
4566
1399
4208
3448
7970
9457
7818
1611
2793
2749
8697
5929
4173
1990
7765
6439
4531
2902
146
4904
2304
6620
768
4875
2147
245
1092
6115
6189
4124
4330
754
6602
8538
5281
4572
9073
3099
7262
1866
5848
5958
8874
1099
9027
7717
7538
4636
618
8763
9540
4001
5382
1387
9956
8609
2711
2126
4723
8900
6250
9053
733
3931
8670
6014
9582
8821
191
6843
686
7118
3879
638
8217
2905
8355
5755
7541
52
5596
8159
4053
2057
9546
4008
665
2257
6134
6467
2235
3463
6598
2968
7394
5267
61
6975
4088
252
4896
5853
8450
8775
7571
6666
2758
7004
3499
298
7056
9096
8457
2188
1152
9082
7275
2896
1338
3409
9363
3573
7951
5960
7621
5344
2306
7682
3397
6394
9013
8293
3325
7462
8146
895
4128
903
7900
7627
2280
6034
7801
1815
8222
8953
896
5497
2927
2234
9985
2289
6887
7935
9329
4507
4357
1634
2188
8833
8028
2279
8204
2431
9742
6349
4406
4948
8331
3384
3653
610
9418
1454
2425
8719
1485
3322
5294
4413
6635
5278
7781
3521
4291
7109
8028
9727
8743
1294
8559
7849
3574
6762
280
4394
4189
4686
9342
2519
8070
2994
3129
8566
5527
6633
7284
7013
1033
2577
2504
7669
8934
284
2268
4303
7394
1375
4029
6136
3748
2587
3985
7322
427
5344
2794
4616
29
2135
7135
9178
6209
1342
8822
2814
9055
6106
9827
87
9762
3409
8835
9775
3694
2182
4077
1087
3557
9186
8302
7305
2851
3365
5706
3279
8709
9579
8974
9817
2793
7188
72
9002
8530
8895
1815
8663
6079
2721
8751
6919
6130
8664
6693
902
845
1849
1989
5481
1034
1370
3865
4964
4735
649
8243
3444
227
7217
4339
3020
5483
4412
3100
5091
3306
5995
3754
9385
8716
3583
7382
5924
2246
4075
6827
4171
7003
9895
9652
9116
1264
3516
4079
7079
4165
3401
522
4393
1696
5940
8492
7179
351
1592
2269
3657
7587
6023
4120
6302
9606
1502
3304
2931
6656
130
7102
4737
1104
6753
3852
2368
1348
9010
525
6592
2410
2126
2063
4106
8067
555
2363
8418
2147
4633
3154
9734
1734
8353
7114
2419
933
417
5350
8668
1627
3530
3404
2731
1361
7256
6178
2709
7345
6704
380
9755
8830
2443
4940
6896
2998
7303
6393
5145
3014
625
5957
4749
8978
3070
8247
9912
3488
4675
8579
6194
8205
1983
8925
9566
317
6181
3354
8741
3963
4813
8496
2793
7256
4514
767
1333
1816
8239
7557
5910
8864
3514
1737
7842
6584
9984
8832
1150
4658
8489
8423
2862
1550
8426
3506
2947
4607
7939
1687
8570
2751
182
2441
7
4696
4288
2419
7592
3605
9976
3501
2469
3489
5238
1389
1152
6300
220
3381
957
8709
1804
4898
259
229
8404
3206
5915
7422
4893
5564
172
6155
9084
1258
1929
3371
3677
599
8056
3653
5179
524
8221
1495
1913
451
7795
3212
3833
8752
2999
6716
4728
3258
8024
4211
7543
5018
1632
3515
581
2883
748
9665
4142
3756
4115
8898
4356
2170
3629
9535
3773
2929
1030
5686
3380
9904
9977
8292
8656
2975
5007
4462
7313
4110
8673
5934
9128
304
9449
787
4267
1275
1530
9488
5032
5645
8385
9388
8894
3093
0
3745
6022
2109
509
480
2013
485
8773
1747
3461
4858
6209
773
8968
5961
6707
9174
7344
7235
9961
1610
9589
1491
1097
4620
8215
9483
5086
8188
3654
6166
1932
9676
8275
2442
155
1366
2927
6
4192
7467
4865
1480
9319
3832
7441
6026
3006
4784
4339
4045
6395
5006
5536
7492
9627
3751
8053
5791
3017
1706
3035
4949
2460
2389
7391
3695
3755
1397
3701
7948
8864
8566
9428
8183
3477
7947
5287
7562
2730
704
1606
203
5710
8222
8775
6415
3051
7906
3285
6068
691
6320
1016
3151
8709
9487
7925
2464
1962
1626
1490
1904
1270
1996
1165
4747
1021
6452
2308
3751
8235
4994
5034
5024
3215
3808
2517
6266
1713
5802
2333
2404
2122
4428
6635
830
4993
4559
4373
6955
7264
6942
8860
8535
16
24
4360
1037
7556
7748
5868
6869
2741
901
1892
7035
4709
4410
3300
7501
211
6712
984
3412
1139
7619
5322
7212
3256
773
4166
520
8795
4104
133
8811
4129
4493
927
2763
2240
6795
9632
6060
7696
2603
3094
3483
7013
7473
2062
8303
4184
3046
2794
6403
1743
8116
3614
5000
8889
8859
6599
7683
2963
6732
7573
8171
2303
8500
933
5623
5294
1643
1682
4068
5325
5856
8630
2337
3328
691
1719
7513
4817
4513
4994
6560
3707
8608
2638
2595
7466
9237
1357
1507
7047
8930
9678
9351
8508
1689
4973
4880
4412
7734
8948
9737
3589
8656
3153
6918
425
4872
5509
5242
463
502
2881
4170
188
6598
7844
7654
5835
9201
9162
3960
9209
9918
3310
7716
1607
9362
2595
7098
7096
2621
6834
1763
2355
9987
9760
2781
4858
5268
9102
6400
6849
3061
569
7037
9660
8414
4691
6573
8693
4931
532
8981
5927
3843
6696
7534
4283
370
4631
2457
4070
2544
4221
6426
2530
3980
9207
8468
9249
9387
4867
6097
2448
5437
3134
2107
4929
8904
8680
4700
4913
9212
3680
839
4133
376
9453
9496
1825
5162
1952
6974
7706
6173
3399
236
1232
3684
8704
480
3071
4649
7656
6598
1164
1868
8705
6093
1850
8463
793
7842
7674
4473
8682
2886
5928
8134
2381
8832
4374
4333
5806
2080
1585
283
3395
2817
3968
3177
4376
8118
7826
3110
4715
8991
4979
4498
6162
7908
2960
8034
5750
1712
3586
5510
4598
592
4722
8058
9425
9096
3470
6309
1175
5055
6592
4570
8951
1638
7747
3326
834
6652
6436
5549
6721
2493
46
2882
401
4085
1995
7230
5798
5581
2739
395
7252
7461
8454
6676
6556
1923
4063
8811
8057
655
4459
7007
3372
3285
332
4207
9937
7847
834
6657
340
881
617
1820
6045
2612
128
1842
9272
2867
2238
6524
1406
1770
4278
9041
4772
8342
8930
3907
75
3389
913
4526
6674
2324
8733
7689
170
9568
4345
1589
1527
4962
4488
7572
8654
4616
493
7925
8562
2731
5527
1046
5580
884
87
1430
9226
9017
5337
379
3484
7329
4905
157
9653
4717
7846
901
5363
3269
3570
7969
9311
9137
6619
7964
3753
7112
6967
3393
921
2494
4440
7580
3378
5606
9010
3682
5701
4346
5140
9186
2753
1123
421
2405
6919
8268
4386
2281
1536
7956
1328
846
7092
7948
9889
1923
6138
6856
6396
7060
428
1914
4639
4885
7520
4728
9646
4299
152
5864
3484
2906
6987
3906
5311
3906
3252
775
7266
5867
9810
9674
6714
7981
8700
7681
9904
4837
5615
7378
2975
6043
9292
8694
2006
7890
3421
1651
2189
3573
7515
6752
6479
5581
657
2869
565
4988
3644
8910
855
3454
8583
8648
1434
7282
6328
2416
3198
1943
873
6173
9065
164
5945
1071
8055
9366
3801
1322
4018
2395
8074
496
7976
9811
4444
9620
4798
9168
8529
5653
3700
8191
4300
6213
5472
1707
8629
9749
3650
580
5922
2714
745
2945
3785
9879
2311
8666
2279
6329
1060
352
7904
114
162
3427
812
6040
2594
9341
2771
6294
7531
7072
2506
4082
8779
2213
3830
3507
2794
830
6221
3539
3776
1085
4496
7166
829
6775
4573
1889
8206
3555
3082
9448
6982
3894
5487
9576
4313
8258
6948
1844
6408
9454
7005
6265
1667
1913
9772
5540
2744
7072
157
7599
8157
4653
5843
8986
2506
415
1953
711
3970
6114
158
2031
7
5645
2685
5399
4982
9634
8322
1389
9087
5326
7655
1832
7240
8505
7372
1062
5576
7529
9740
4811
3260
5582
3796
5766
7076
6828
6478
2124
2941
7715
4155
4027
3360
6841
9427
9421
7553
7748
809
6639
4153
9543
9551
2471
8048
8001
4612
3623
6609
4351
8435
9869
1011
3309
5635
8087
1216
3191
210
5236
905
5445
342
5344
3364
9769
4764
916
8595
6653
8634
3826
6195
8184
6297
5321
6185
1987
8945
2793
6338
8458
3740
8428
2845
453
6514
4061
4723
7804
9298
6708
4327
9640
2051
7691
486
7895
8607
159
5626
8319
5065
2899
6503
2440
8221
3766
4428
8244
7638
765
6701
2456
272
9546
2910
7865
4686
7633
6747
3983
4340
1073
4701
7471
9843
6266
6444
9528
7504
2069
7847
2568
4968
5428
5009
3188
9194
9437
1431
7910
1280
9211
365
2631
9836
4354
496
4521
1987
7243
9583
7406
9396
4283
5955
9238
1627
3477
8766
9131
5546
6612
2778
1593
3118
7787
5860
2311
8302
8371
1299
660
7581
1664
3292
7416
6019
3788
1936
9085
1030
2597
7569
1504
6880
4603
742
8507
8080
9508
8717
3626
7198
1494
6298
315
359
2157
3705
8661
527
6083
9321
9188
7747
3691
7682
4844
7479
697
5007
9589
3294
3655
1092
174
8258
2913
9760
6337
3499
9555
1041
1775
1048
7339
3169
1407
9497
6874
1146
1102
2956
1546
289
1782
5237
7972
7705
3795
9748
3791
4462
3041
7446
5554
4294
5703
9547
4054
2039
3045
3608
4160
4821
5736
1498
7990
8222
2073
5943
9369
3176
9978
914
4544
2838
6151
3594
543
1024
3341
4334
5486
7462
1779
1040
1755
8561
1665
6888
1678
4710
496
5838
9531
7311
8416
8600
5532
488
4542
4900
4743
4519
6893
366
7358
3044
3960
8980
4068
8381
4392
633
6921
7250
2752
8676
5810
4417
5564
8567
9127
7139
4405
8658
4449
2820
7257
9981
3308
2877
5960
9131
8475
2852
9497
6911
6975
4535
5890
2122
3994
1360
2755
914
8610
5507
9591
5498
9924
5154
4065
9050
2292
8470
8786
7820
1289
7121
8879
5676
1076
4838
5885
9552
8770
5381
6462
5744
995
2352
7866
4989
4791
1699
5904
3401
8285
6573
8899
8208
1726
2963
8337
5097
2511
8201
3995
4879
6401
2873
555
7477
7712
7519
7028
7560
2900
3490
3303
3895
6921
2248
8884
1711
5026
5866
5112
3311
2438
5090
1518
5243
8053
933
339
564
9135
4334
5443
5535
8287
7077
3011
7077
4596
39
4636
8575
4608
7939
3548
1528
1265
3510
3239
6292
9377
9431
9603
2893
4520
2199
8137
3651
3133
9555
5294
2267
4968
1816
8881
3254
8893
2970
330
4567
3009
4966
4220
8696
3983
7768
223
5249
1278
4542
1540
1733
5051
2221
4626
649
4420
2762
4300
7553
3396
673
898
8364
2489
857
1617
2460
3828
3026
8107
7916
7992
2326
6612
3053
1173
6835
8302
2451
2455
920
5263
7506
4220
9889
8155
8641
3730
3534
7272
7126
4207
9250
6568
7775
106
8185
234
3934
2289
8341
2929
1359
1746
9541
4412
2919
7454
3793
6449
988
4713
1711
8494
8934
2678
7728
8653
6408
1261
5924
4612
6547
5173
1179
4321
6359
442
5634
1371
3810
5054
4300
5169
6800
4919
9582
797
2373
3374
7246
4440
9166
35
2933
9178
2713
1739
7830
200
4079
4833
5891
625
5
8150
6025
7443
9671
1659
8815
3481
7792
3114
8650
4591
8034
9310
6467
1485
3762
4791
7004
2928
4826
9937
3184
8618
2755
1014
9897
6834
5847
6867
7460
6931
6095
4563
5453
5765
6222
4267
324
4013
8460
8975
9683
7572
9363
7228
135
3125
2018
7139
7132
7923
7076
315
6541
9831
1329
7516
7743
8255
5461
6281
6265
1555
844
1717
7321
8145
5984
7645
3237
5522
7698
2919
3094
7061
1226
3229
1264
3244
368
8396
1167
8523
8711
8787
9432
1119
6302
7174
9374
1763
3455
6717
4397
4299
9513
1717
2443
6575
441
6759
2097
9218
9679
5191
7357
904
8420
8621
5227
8788
7016
6394
7310
6806
5180
7820
7925
2561
4994
8377
5403
8449
5094
9800
3826
4606
2596
7348
1181
3037
4107
4357
2254
4864
9548
9612
6847
7967
9311
2073
7834
6327
9547
6222
4211
4726
4042
2135
8366
114
511
3768
9642
6684
3568
3467
2369
7243
1893
4629
279
6000
8986
3612
863
8533
4302
8789
7578
3613
862
6490
1018
1487
3791
5229
6213
7833
8443
5658
9026
32
9426
8667
6717
4072
2133
164
1314
4026
4793
2672
1105
4857
7364
3047
4468
2744
1836
3124
6357
3777
9615
8454
5264
3405
4761
2555
2316
3203
8213
1341
3236
8718
7
1031
2789
3219
2274
5183
8324
7067
8934
9429
3002
6297
3555
7470
9042
5391
593
6477
246
1286
6010
5510
5770
1849
8065
8086
6132
7357
505
446
6074
1591
1477
9942
5889
3751
5124
4213
1896
5137
4720
5977
2512
8275
3446
2632
4744
5118
188
4990
7484
6198
499
3253
9126
9644
2418
5257
7000
4002
5703
3073
5594
8259
4093
1482
2009
296
5695
4984
5433
1494
960
7945
9769
5485
577
4513
603
765
9503
9166
8042
1081
2418
8246
724
5915
3503
8803
9918
9206
2954
6590
7465
7047
8072
552
7343
4846
6616
2775
6340
7576
1799
7187
3061
3455
2778
4743
5299
3360
4987
4419
4441
8484
2664
6244
4399
6167
5046
5395
6452
9079
1984
4995
6125
1134
6626
3468
5980
3241
7322
3398
817
199
1664
4957
3654
4442
778
8953
7802
5765
3371
3321
4248
6036
9565
9726
3281
5689
5120
9733
4767
8183
4727
1971
9318
2432
6518
6376
5673
4918
9775
7569
5118
1438
3604
8772
6959
5461
7725
5840
1225
2174
9161
6553
8210
9805
7357
1491
6572
3556
2302
2418
1738
8109
4389
2134
540
1985
8511
6213
6903
9364
4861
2020
801
8465
1871
8839
3926
674
4678
6230
2848
4918
3861
1058
4722
1218
3628
1293
5853
5930
3711
7591
5117
9179
9726
5657
1163
9315
2949
9146
8678
7810
2244
557
7353
4115
9396
1278
4789
5153
8588
8717
70
2448
853
5871
4745
4481
7164
597
1489
1954
9268
7686
2211
71
3342
4454
9386
7370
4678
8063
5179
6922
8620
2532
2116
9094
4889
7984
5325
3476
6700
5395
7004
7553
1265
1748
3112
9509
2346
5681
2541
1613
3366
5831
1684
7787
1363
1069
5157
6041
210
335
2963
9909
3946
6158
9002
9915
4141
5406
3390
1920
800
393
551
3145
2142
3664
3732
5567
423
7352
7180
3789
3182
9943
1575
5625
1011
6732
1665
2300
8147
5707
2208
3171
1864
2288
3085
7085
7694
7555
9005
9574
7948
634
3797
1168
4298
7529
7814
5800
5959
4993
9589
219
4935
2243
5844
7025
53
7510
9325
9279
4295
2611
2450
7239
4900
5535
4323
3672
3089
4406
3245
2116
5040
8121
4363
417
5649
2177
6217
2686
8249
6885
2906
4263
9128
9829
1287
259
8417
1691
9539
2712
4302
1988
9951
280
8602
5352
5032
2770
836
9356
5965
5876
7477
327
7372
4204
3583
4668
6891
1832
1552
875
6095
1758
703
8461
2017
9121
151
1555
2911
5533
4622
2861
6892
3224
8213
1923
5994
127
1279
1958
6003
8756
3364
4454
2959
6948
9122
928
9859
1752
1803
5953
3510
2507
5492
5527
2706
5644
8162
5617
2255
2783
9557
9147
6007
8848
2149
3079
8975
3428
6116
4977
3262
9481
509
7300
7507
9631
8229
7365
1382
31
4396
5971
3617
9888
2577
7402
6610
738
3018
9944
3521
2574
169
607
1421
2318
4765
395
5746
881
6452
86
1440
8040
7386
25
8750
5614
7390
131
6725
2864
7182
341
3830
9759
7744
440
496
1840
383
5096
4415
1631
6782
6915
3949
2626
8390
773
4586
5920
859
6026
3959
8246
7130
2708
4938
4519
3919
1662
8462
1100
3083
2291
1937
826
3810
2433
3745
4194
8608
9239
6904
6469
6154
853
9095
5622
1626
3680
1541
3565
784
6579
2889
7914
366
7827
3511
4285
9490
1972
6464
2572
5342
8401
4477
9153
1912
9301
4425
519
8540
1328
8067
5772
2181
7161
1393
4887
1919
4013
8452
2703
1670
1340
1695
2036
9167
5206
7400
9735
8257
3863
3385
3599
3342
8941
2751
5254
8242
7176
6853
6781
8504
4919
3631
1764
2080
5024
6651
3999
115
5102
7782
1785
6442
9477
3822
6687
5762
1221
6422
5097
6164
885
8696
9506
9827
2525
5839
8068
9701
2691
5927
9284
7610
9558
1047
768
5660
8777
5847
5775
3878
4707
8639
1398
4183
2460
9164
1023
4761
6664
6121
924
7550
5895
1508
7376
8421
7347
6522
9200
37
2448
9562
8727
3084
608
573
8744
463
6420
5597
4341
1126
4235
6818
6389
7775
5982
8491
2535
3724
4611
4538
1273
1585
6046
9728
5
3393
6249
9205
4509
9776
9846
4314
3938
1532
4888
3760
1996
2386
9357
7416
4592
4671
4234
2059
2445
1294
549
4980
5018
6240
596
6292
7825
7721
7098
7830
2192
3347
8113
6702
4201
7958
1015
8140
9491
6982
1899
2565
9369
2335
9981
3960
7006
4214
6019
9451
6587
7647
5509
1605
3886
6105
8976
1710
3825
6073
618
6018
498
9811
3798
5779
8847
5892
3918
9416
2874
6896
1980
2242
9231
1961
7281
6236
7254
4378
5686
3841
2024
2273
6525
5911
8378
5500
8700
3282
2651
9319
378
4229
9129
5255
7
7975
1146
5004
8470
5099
1899
449
7341
1130
2410
5700
7366
9665
77
4131
4584
3181
6404
1108
9092
5861
7687
8870
221
337
8188
599
5645
8395
5854
5652
7449
8079
655
5918
3178
2555
7446
1597
4764
9857
8377
3208
599
9533
7339
5183
2713
4822
6291
2883
682
3977
1753
903
5393
1019
2581
1038
493
9514
7769
9021
7592
9504
4938
1848
2058
3462
3446
7901
3318
2901
1108
4996
2433
9527
178
5147
4348
7548
8030
5030
2603
861
7012
7997
1881
9593
113
3453
9106
7882
2473
7776
7385
8490
703
521
1951
5228
8422
6349
8129
609
1344
561
135
2602
5708
4483
149
4817
9513
2753
5678
6524
1828
8638
7195
1941
2090
7379
9823
4563
6233
7208
3052
6936
8808
6083
2163
7230
2431
291
8918
3775
853
9053
7456
7640
3535
7606
2456
4126
1437
9214
1728
3265
7851
8923
5206
1020
7380
6107
6662
3612
4393
793
548
3201
6876
3790
1509
9307
4082
426
4160
6014
557
1616
3653
4092
300
7189
8218
1737
6402
9946
6081
5331
9947
2365
6351
7326
8472
3013
2016
3944
4885
2564
8224
1760
6355
9733
2145
1515
1237
6305
7529
1794
9000
2260
6965
9300
9449
5182
2115
6929
6206
9275
3339
7231
1639
9690
5635
1190
3781
7651
5134
8666
215
3357
1504
7649
4168
3649
9164
6484
9955
7771
9357
32
1109
6321
411
558
2581
3605
8566
9866
2880
1904
7096
5598
2673
2730
6788
6454
1459
3000
6199
2753
7436
7703
401
2682
2431
643
9166
2385
9493
8522
3496
602
5921
3907
2239
8502
7513
804
8367
1471
3788
6541
7069
6461
349
4936
3993
1809
7936
1270
4562
6451
8974
6043
9133
1404
6686
9378
4868
7258
8978
9443
7860
4899
3350
98
3400
1941
1981
2846
3412
5769
9387
1559
3308
9737
6495
7302
2624
4431
8572
7186
1960
8624
3228
1092
1106
993
1548
7053
8251
526
6496
7189
5425
924
7287
8825
3944
346
2749
8435
7195
2136
9994
1581
2951
6489
8883
5575
1998
8534
3839
5037
8236
7068
6129
421
9140
7678
8553
7390
9283
6127
4578
4707
8130
2943
4610
2073
4368
7360
1586
1562
574
1580
3144
3525
9148
3105
178
2224
2717
4017
7261
2032
2163
4468
2453
2381
3224
1005
9771
2506
8212
5427
8292
6341
9449
2902
8415
3817
261
1079
6458
835
2659
680
5439
2885
4865
5617
6188
7582
712
4527
692
3955
74
3145
6336
4377
5230
7186
6884
3441
2612
6254
860
3140
9156
9275
6957
9417
354
3414
1330
4092
5174
6769
8057
38
3464
5323
8699
4177
9851
9392
9211
1003
2536
5546
5380
8845
3810
3342
3364
7502
9597
4225
641
8752
4578
7598
8169
6011
2090
9499
1182
7264
7347
317
8381
810
5640
7080
6066
6569
6471
5276
7572
85
1901
2952
9
5711
6294
3373
4291
6969
8677
4932
5721
4334
3608
4968
344
5699
5545
2605
4041
2891
2922
2422
4781
8563
580
846
5131
7051
6123
3782
7136
9103
6734
7145
4813
4106
1597
9105
2154
1352
5115
7875
5686
8724
3921
6031
5501
9466
9715
9542
3436
2637
3042
8217
1199
3622
141
7409
1751
6264
2269
9967
5366
81
7111
1258
4188
9787
1441
6342
1139
6556
5295
7904
6358
9216
5013
1858
9760
4728
2479
4274
7365
5521
3569
9643
222
3711
8130
1973
1053
399
1939
7499
480
129
9836
5747
994
2355
3167
3212
8911
8462
1116
5269
8756
7208
8206
9595
1935
684
4947
9300
6206
8517
20
7507
3306
8151
558
5438
8550
3577
4015
108
4785
3850
5856
6858
7284
9023
70
6195
8564
2265
2542
8398
9473
747
9071
1408
1432
4018
1786
8717
3613
1807
7302
7998
9958
7860
3435
9586
2515
8530
772
7300
3458
6628
4158
742
6730
4228
8016
6372
7572
1636
4769
7044
2383
3840
9531
4894
8937
1317
4689
2549
4203
1990
1625
5239
929
6139
5903
3444
4668
6675
1823
8127
3303
5981
9948
1111
1287
7963
7483
8859
9599
3330
6981
3060
8249
7591
9034
8264
9987
4801
1891
4189
7871
3516
506
9879
9656
6409
3322
5402
3083
6224
4607
7465
2204
4554
9655
4570
3595
8216
4507
4272
1546
2567
8412
873
157
8524
9138
143
3324
1028
5411
2273
4545
5917
2151
5279
3404
6553
680
7566
2776
5288
6110
6060
920
5764
629
4516
3980
5137
9867
6605
7704
8278
7478
8940
6801
7694
161
1204
8723
5572
3477
4346
2567
5629
703
7050
3260
1383
4615
6036
7750
1803
2095
9750
7568
3804
5344
2626
8941
5210
309
7723
4567
8866
6662
1367
6560
6823
2571
6361
3473
7128
1785
7119
3835
2488
4168
7095
3871
9862
3130
2700
1665
6305
3528
311
108
8872
4016
127
4081
4325
7850
9727
4269
5590
1094
1907
3491
4744
8268
8043
2950
52
5161
6785
2540
407
3879
7491
268
7010
1269
3012
4393
4797
4402
4501
3668
8418
4628
8828
3821
3556
8555
8091
224
727
9998
3715
6550
9345
2836
9501
9397
7997
6285
3016
9483
164
1585
829
8253
3933
3842
2645
8730
8244
7146
3476
7741
2852
3382
1561
6408
3015
730
6632
3742
728
1425
1371
1151
4261
871
547
3336
8235
4642
2818
8399
7306
3647
7730
1238
8568
374
1046
7891
8599
4522
5631
2529
8984
8271
8937
1998
9002
6647
6820
808
9151
8191
1959
4490
140
3585
7826
8375
8228
1722
7853
6612
6449
5582
7851
5016
7036
8897
2906
6713
4498
9616
9243
3481
7887
9258
6558
6888
6984
3377
7696
6134
2646
9655
1703
3865
4318
9529
2240
2545
2330
1171
9158
8779
6753
8087
3794
4867
8062
7780
1580
2559
7395
1901
7119
5281
1158
4756
3247
8142
9212
2021
5355
2937
2754
7058
6802
7073
7665
9042
696
9995
212
932
8773
8045
9019
3646
3990
8160
2504
6649
1797
9899
8550
9996
6259
9709
4751
584
8929
3962
2606
4283
7978
5360
1340
4780
3511
9006
3821
4208
9000
5113
5140
8852
4236
5238
2497
8226
3397
6080
4875
5194
5978
4503
5189
3315
4211
1018
3900
3140
6060
7585
8502
4037
4023
9843
8817
7535
9927
3717
1742
4
8830
7961
8856
4144
3198
2431
2369
7674
8511
8323
2868
5568
2826
9136
9962
8116
154
3861
2334
6214
2524
1915
1329
6548
1757
146
4082
2762
3863
5824
2766
3771
3784
2701
7915
8062
6211
1362
5735
4722
764
9682
1368
4669
8818
1329
2784
50
6270
6198
7343
8794
8113
8672
5341
948
9897
501
3710
3759
6325
7555
8609
1188
255
6523
328
6467
8965
6063
2267
9729
5745
3635
4397
5641
6043
8260
5691
2312
4457
4112
2185
3648
3862
8605
4596
3759
9107
9385
8597
6510
8019
7206
8777
8274
4807
9105
5819
3771
5168
9165
3499
1991
3878
8975
8711
9922
7235
5480
3312
2770
9592
5497
7498
3453
4102
3172
7212
4287
2557
5809
796
575
4093
652
9928
8900
9757
6826
3750
6003
5990
7249
7994
9869
7303
7783
868
5616
3262
4180
9465
2853
756
6962
7386
5937
134
5676
223
3770
2563
2098
5424
6656
2750
5351
5556
3586
3255
384
9589
9246
8712
8662
192
6014
6444
2139
1629
9707
7398
2173
3638
9233
9135
1023
5169
347
6700
6471
4117
9263
9649
9541
5919
2398
5971
2553
5984
9226
2937
6652
8471
1648
5313
9742
8742
1756
2959
1449
2541
357
3622
6180
9590
2757
7203
5838
3104
4981
2308
8301
4244
1956
7841
1241
5434
3811
4873
2496
3037
8889
9148
2586
1615
5539
3407
356
8375
6366
1806
915
7802
5428
7095
7392
9264
5377
3229
3447
1436
6616
1747
5680
9652
9588
8000
5085
4478
2872
8660
8594
1760
8887
1179
3376
4425
5665
4811
2799
2031
6617
3715
911
3124
1888
8303
3466
8344
2610
6913
9781
305
9739
6539
9957
405
4539
6120
4883
8490
4779
3476
250
3665
5734
4705
9170
1399
9516
1968
4509
7212
6762
6499
335
8651
4802
4880
8073
8491
1793
8932
9875
1531
5471
9831
3015
9
7029
7898
9578
1808
2452
9828
6552
8187
5611
5721
664
5127
8769
6252
3417
5530
2750
3752
5259
8631
9711
3332
8201
1503
2263
8075
4114
7734
7906
7129
8822
4934
6106
8400
7821
8558
9306
5452
7823
4917
2251
8487
1122
1019
5817
4539
6550
8568
9370
1808
7198
158
6219
6477
1662
8483
4552
6855
7295
3536
5062
7196
9549
2246
6674
7370
804
5979
3900
9706
1974
6151
8193
4175
7171
5088
9793
3720
3655
240
6607
1932
399
2826
8409
3140
2387
4039
1073
9682
7575
6135
7956
7124
9461
4629
5572
1343
1687
9472
1048
3661
6701
319
8916
3871
5408
8708
8670
9063
8949
6356
2073
426
9182
1561
3566
2647
5600
4639
3407
3175
1852
1363
1377
1312
5992
8028
2655
7679
7499
3704
2419
5278
4023
1334
228
9431
1120
9977
9573
68
6332
2724
494
6592
4285
5139
9239
964
9778
2646
5218
1630
5088
6595
4021
1079
4622
6677
9838
3199
1459
2256
8477
6561
4669
9784
7071
5789
9761
7722
6937
6092
445
8510
2684
5810
3649
3001
6774
4505
6726
3070
7214
1813
9665
1235
3972
5365
8991
3809
9643
1528
7144
9198
8089
1812
8982
6238
8680
8742
3959
5616
4833
5484
5205
8596
1293
8854
2676
9146
4437
9402
2215
1651
2294
2958
3965
6266
8323
4034
1153
9044
5562
8297
8241
4729
1187
7222
967
9867
5963
6005
6562
1875
1488
1766
1549
2781
1698
4225
3005
6135
4706
5220
8865
7000
8178
2829
4344
7579
7942
5497
6622
3503
3793
4863
9312
4980
2084
1357
5925
9127
7362
2486
1001
8851
4252
3629
2710
5950
7855
5716
3164
3639
935
2028
1717
192
5937
6061
7771
3878
2636
4393
8461
7508
334
7772
3566
3497
207
9491
2623
7569
1977
4703
7498
7308
8333
208
4337
7266
7003
7501
904
7938
607
2621
9209
7623
9761
6980
2580
2396
2451
1040
9904
3864
9891
3469
7361
1176
2959
9985
8745
6015
5766
6243
3323
4098
7530
7660
1363
4532
6239
2267
3548
7925
5967
2757
5548
5727
815
8128
8123
4345
246
9105
8209
1215
2573
5569
2391
6612
6632
2214
2626
2398
9536
7028
7575
7065
5766
8939
2675
2004
2284
7303
9930
9331
59
6556
5057
1953
5762
4259
6298
7087
4442
5585
9381
8095
1153
1771
4706
8865
5064
8411
1262
4600
6518
8837
2743
2283
8854
6498
4288
2217
3800
5296
1547
4938
1851
7683
6891
7613
1941
4267
5778
6384
930
5158
5557
2083
6929
262
2026
3071
9752
3288
8750
6269
3204
1493
8553
2057
9070
3919
4274
2869
9215
6900
8886
1065
4583
6855
9757
7603
2200
5534
3986
3130
691
621
6292
8699
883
8319
2848
1714
1606
1598
7983
5889
4170
7614
9026
3239
1532
4378
7187
746
1278
6072
2890
5861
2926
3725
3463
5126
337
8529
8256
2107
9150
5626
1884
1112
3944
4733
2826
6630
7410
1887
2518
1579
9502
1543
5897
2112
7001
3083
3938
8279
233
7907
5218
4238
1632
9760
9364
3048
9367
8698
6235
9596
4323
8119
1786
9347
3930
5691
5976
1339
7578
8494
3997
8158
1116
9894
270
9196
4055
4208
8553
4288
3193
3770
8526
4825
4608
8968
8953
3975
8744
5187
4649
3067
4384
6435
2413
8315
2125
9468
9654
781
9040
4730
8940
1234
4623
288
429
8679
5575
8982
4045
8768
3830
2571
4672
8439
2617
3624
3492
1361
9890
8141
5507
4273
5654
8999
2587
7779
8466
3320
8560
7505
8050
8578
8740
3751
8866
9169
3508
4440
9230
7554
3208
3059
1203
7880
1497
3820
2582
6068
6260
2471
5287
1766
7823
940
764
410
9798
308
4809
9437
7814
3937
8014
7632
7688
7959
7879
2275
3477
7108
9829
7764
1246
2110
6722
3822
5930
9304
9891
3269
2853
5177
5035
676
7197
6879
2165
8073
7187
6974
7509
6079
1989
6602
4789
9677
5639
2668
1951
9116
854
2858
6880
2100
4968
3601
5923
1977
3984
6892
5246
6837
3147
1359
7513
343
9317
9678
8417
6504
7730
7004
3661
9719
4684
8451
474
322
1118
3504
9439
3051
7442
6318
5152
3488
997
2153
5465
4981
9045
1789
1818
3270
4228
409
3614
3544
1166
3109
1126
9975
1191
4788
9694
5876
4317
1246
6198
6514
5829
5636
9565
3270
3032
5795
7838
5109
7948
4381
89
8071
7250
2986
1341
1477
3396
6034
6100
4562
9143
7227
4536
1412
3093
5308
7288
8489
7633
4565
5002
4541
1279
5645
8890
4312
1440
6727
499
9388
1108
588
7459
8358
3575
8800
913
8050
4833
7013
3690
5054
5318
9305
7545
9490
5692
4833
7978
3324
9398
4058
8944
676
9704
7834
6067
1143
4560
6566
1609
6747
8234
9068
5104
1808
8946
6017
936
4857
3030
4626
989
9427
3930
8535
8917
9622
4446
7973
4025
4922
2031
2968
6677
2813
801
2744
3956
6441
388
5565
3187
9701
5712
8292
2587
5736
5387
3523
1672
9496
8149
2661
8923
3158
2274
8918
2779
6720
6890
7883
2720
10000
851
9398
2812
2731
3220
7847
250
3608
4491
3438
3309
1281
2808
5896
7017
8195
498
8689
8770
8647
2429
8771
2883
4703
7688
6742
2502
5656
4624
5222
6735
6554
5698
625
364
8918
8473
614
3605
4042
5131
7993
5323
7939
4967
2339
7213
5465
2107
7061
5191
4536
5831
8074
317
3518
4815
3898
252
9440
199
6987
7072
5897
7613
7436
4815
7164
8051
9499
1205
3181
7491
7607
2199
2457
9946
490
7923
3131
7551
3113
8746
3381
1186
9064
7978
7081
4040
8230
6520
5318
5217
3591
1215
3908
2106
7109
2150
156
6607
3355
4416
5176
961
7694
7633
1985
8184
6634
5117
6813
9747
3862
193
2012
4004
8171
171
9124
7480
6691
4441
2696
1360
6735
7683
4545
3843
9833
5780
1528
4266
196
6704
6306
8969
5416
8291
8232
2049
4486
5044
2875
9428
5238
5966
4510
4487
6137
3633
1966
3906
9154
5741
6345
5888
3423
890
9732
4334
6670
2338
8600
7945
121
4905
6914
5537
4275
5145
7586
8761
188
460
9267
6505
6426
3777
2071
3641
8489
5116
7547
8721
857
3892
4609
5359
4782
5419
772
2530
7757
9372
475
7878
5356
7389
4493
9631
3612
2079
9470
3800
3618
8737
1384
44
3592
4534
4764
3159
9650
2311
1880
1585
6203
7568
8024
2063
2986
8796
4593
1821
9246
5068
778
4601
3535
5271
5310
7147
7350
4780
2026
968
4595
3410
2091
9266
9023
6855
3503
9751
244
5383
1336
7526
4029
438
9589
7015
312
5261
9916
9558
1407
693
5238
4943
5964
547
3168
4393
5327
5194
6440
1000
9683
8531
265
8705
6464
3769
8456
6709
230
870
4234
4260
1308
4902
2353
2699
1241
2268
2256
2648
2961
7494
8670
4
9121
1838
4397
4447
7032
836
5448
6715
445
6792
6498
7988
560
6032
4696
1870
6902
9
6130
9289
5990
8483
1987
8310
1830
5323
957
4791
2816
706
5874
1936
3623
270
7463
654
2185
3989
8448
2630
780
6025
618
2420
2056
6393
4290
8959
7481
1498
8247
4549
9981
1313
2858
1810
6636
4895
7681
530
5601
3554
3546
9224
4904
1008
956
7089
6076
483
798
7935
6508
2495
354
8564
8888
5723
7522
6369
7221
6848
1996
7202
8161
4855
90
5875
9750
8850
6405
6429
3483
9951
6731
9466
2037
7687
7633
8113
8170
8431
6048
4677
925
7481
4320
892
3204
1841
7261
424
9768
9257
7626
9007
5190
8796
4881
4939
8724
1286
2446
3285
2315
9177
2750
4353
6864
383
3544
6112
9893
9592
1868
818
7073
6188
1710
276
9108
49
700
8876
384
9406
8961
5575
9280
3842
1592
9082
6207
4039
2367
9601
4294
6196
3953
1157
6579
7498
8349
6472
8168
216
8369
6319
6404
1157
6595
5511
1206
8375
5465
2669
8859
4426
9323
8138
9347
915
8298
5553
6033
664
5153
326
6861
185
2563
4518
8762
1990
2068
6929
2206
436
3248
9689
2672
921
6278
3878
374
1743
7627
9233
7248
6949
8449
6594
8943
6747
3225
6054
8490
9457
7460
6429
9642
22
947
9482
3091
4094
6411
5297
5610
737
6064
8282
2737
3420
3239
3112
6242
865
2344
3489
7814
1872
1161
6757
8619
4386
2810
8187
3843
269
4616
4563
1370
6642
4045
4461
735
1534
836
6345
2271
7979
4627
5008
1399
8945
8120
7641
9810
1543
2209
7623
3415
3370
5458
3112
7757
9348
1298
2678
9617
5914
7241
2066
3634
2364
7606
4370
3898
9522
1793
6169
8579
7499
2256
9978
6443
1454
8698
6252
2997
906
3875
7491
4276
411
602
2032
9759
2980
5789
454
8894
3030
2520
2528
5394
1204
7977
371
725
9770
7619
9305
7269
9875
360
4790
2408
9058
1042
6484
9964
5996
3975
5319
6407
5656
8430
7245
8636
4219
7699
8609
8328
218
1136
4800
2501
191
5171
3227
9961
2790
3610
8308
3743
5049
4177
6151
4107
5219
3714
5149
2293
7689
467
9779
3344
9977
7023
3059
4195
4721
1667
2522
6018
2803
8401
8520
4073
3572
2825
5112
7441
7514
4499
2262
2562
8676
9493
7748
4973
3206
2897
7266
894
4443
8123
5317
5498
5146
8376
9693
945
42
3293
8043
3924
2773
6562
9076
6345
465
4188
4864
7979
8687
7126
540
7362
6618
8289
2334
902
2264
678
1796
7786
8801
8193
3284
5025
7647
4055
7050
8769
8428
5092
3771
1200
2732
2847
8624
3197
7035
3487
1175
5721
1691
2794
4161
9389
2161
7574
290
5504
8252
3166
3290
8131
1358
7653
4235
83
1707
1284
8852
134
7455
3702
1334
186
6549
9958
3383
4662
4523
4558
1461
6215
8431
5622
5603
592
3195
6972
6096
2525
137
464
1734
2574
8117
7048
2658
903
8332
2588
2116
5786
7369
3451
5972
3917
4487
433
8579
89
6070
39
7383
4501
6740
2985
6172
1013
1035
3346
4617
1173
3811
6352
4826
3006
3399
7484
3909
2810
1151
6026
9675
8520
555
6726
3516
6121
7159
3173
6210
4308
4292
3592
8809
1031
7656
6059
2045
8692
9405
6662
943
3215
4092
5769
6222
8571
4332
1209
2459
5483
7235
3212
5081
8869
9938
9676
4990
8176
2849
2278
2483
8220
5871
2370
9251
4605
8429
2374
3296
7833
115
5318
2127
5286
1087
9428
3856
5419
636
6315
1980
8951
9528
8140
7819
543
7816
3887
9798
1743
6166
3359
9963
3115
5729
291
7720
5236
3745
2095
4148
3860
7413
6275
9146
9579
5702
4081
6076
7417
1474
8056
7446
2080
7275
6344
2624
6169
230
2421
8991
7475
5781
8953
589
2588
322
9389
7825
4067
1483
1972
9006
9975
9326
9231
9554
6106
3311
6708
4601
4785
5843
2047
6866
3117
8391
568
364
9700
4068
9355
8254
927
9386
9922
3516
9708
9310
2419
4854
1871
5470
3859
2925
4795
4168
3557
1979
7479
264
6580
3343
6107
9706
1287
9224
8096
1855
666
8875
7002
20
7128
7930
9406
7049
1445
192
7438
4943
5046
9309
412
9984
3312
6286
4152
6869
8265
2709
7134
5923
6052
3240
5629
8418
3543
3724
1351
4209
3677
8354
5309
1883
6283
4714
11
8807
5985
7449
3749
2109
7836
5240
2093
1148
1525
7324
8017
868
32
6229
6791
7164
9470
2419
6660
4091
7223
8012
9379
899
6365
4687
3862
3726
480
3873
3611
7544
1321
8439
9654
