100 100
9 86 84 57 51 59 90 33 69 52 1 21 89 21 82 45 58 46 63 63 28 50 38 62 56 24 51 35 83 64 93 93 15 42 49 67 0 5 100 36 57 0 23 46 89 5 91 46 51 19 75 46 69 79 74 24 69 24 26 52 54 85 44 70 27 59 36 94 64 35 96 88 1 19 33 56 24 90 1 41 9 42 87 78 21 26 69 90 50 95 7 4 79 17 74 72 77 76 66 6 
10 61 94 78 46 93 0 36 49 1 78 24 44 30 68 31 57 36 87 6 30 95 77 76 11 50 47 54 25 79 27 1 6 87 46 18 80 46 55 95 13 32 18 23 62 86 54 85 89 41 92 85 1 68 60 12 85 74 33 9 18 60 78 91 46 23 9 92 35 64 86 48 62 70 72 90 22 92 75 10 32 66 95 100 100 21 79 84 95 11 60 79 71 3 70 83 93 79 75 27 
8 26 75 70 63 12 59 51 4 33 27 2 99 21 2 65 8 81 48 69 58 74 48 95 77 17 77 69 62 17 62 70 10 3 39 39 15 98 90 86 98 16 89 62 3 57 26 12 3 41 81 61 81 95 21 24 11 98 93 39 82 21 8 58 24 13 63 5 78 52 92 75 34 80 36 37 2 29 15 5 70 63 66 16 57 87 40 35 50 100 74 98 20 49 21 10 62 84 15 39 
35 6 13 35 52 16 73 54 45 54 25 81 16 91 97 40 43 3 75 60 2 14 57 22 63 79 32 92 62 13 30 64 20 10 99 38 93 37 59 3 58 84 50 40 41 46 80 84 15 20 43 17 1 67 39 64 45 37 21 73 51 52 2 37 28 68 75 20 4 100 23 62 84 73 69 24 85 48 74 0 35 17 17 36 50 23 66 95 60 88 33 77 5 36 13 33 3 55 53 74 
54 42 2 3 81 71 94 65 85 68 31 19 51 49 21 0 38 88 61 64 41 94 41 46 96 20 45 65 75 64 5 96 5 7 65 86 44 59 16 28 26 48 14 43 63 35 43 67 89 3 30 96 63 71 41 25 58 52 90 99 15 95 94 20 68 59 72 78 84 89 73 9 2 87 52 65 88 61 31 43 30 27 38 93 65 46 84 22 98 74 20 13 34 81 100 69 5 72 46 89 
26 18 64 28 71 82 59 59 42 56 68 72 83 5 30 13 17 81 35 82 54 22 95 54 2 60 22 7 31 35 62 23 53 25 17 24 6 76 49 48 98 16 86 47 88 82 60 5 62 62 53 82 84 47 2 86 6 91 59 4 25 20 94 79 45 11 69 51 53 17 65 51 100 16 64 87 64 23 58 26 85 10 74 34 23 76 19 97 67 44 0 92 30 94 36 75 71 4 92 24 
88 22 41 87 4 4 74 69 27 98 95 79 75 68 12 98 10 99 94 77 8 60 34 39 20 37 80 91 41 38 14 96 26 21 82 31 25 21 100 19 19 94 98 94 27 76 57 3 40 51 46 49 77 81 54 97 17 33 54 24 37 34 19 64 56 68 95 81 89 94 100 74 53 63 33 46 5 91 50 45 7 96 60 84 42 80 47 59 80 0 50 16 0 69 80 56 36 74 3 92 
33 69 65 86 32 65 99 3 55 48 14 28 9 41 78 52 20 24 77 100 91 26 16 92 62 62 13 64 2 16 21 35 86 87 88 84 17 86 87 72 100 67 66 8 7 43 26 28 68 3 94 24 96 76 82 23 38 96 54 40 78 75 41 29 27 95 12 44 80 65 82 45 99 47 20 5 91 46 100 24 15 94 48 11 69 30 0 73 92 54 79 69 29 20 65 22 14 77 67 61 
8 48 5 6 62 25 78 52 38 78 42 53 71 90 30 5 86 31 79 43 51 57 79 46 77 43 69 58 86 35 85 60 49 90 32 77 82 10 28 19 88 36 72 24 93 69 29 44 100 7 88 16 31 66 63 74 75 31 31 60 32 15 20 47 72 52 24 53 28 18 38 15 55 76 39 47 44 35 91 9 8 44 26 39 76 55 13 50 86 10 77 84 93 97 30 64 14 20 83 43 
39 87 24 60 62 30 6 73 65 63 82 39 74 74 79 49 28 58 100 80 68 76 63 60 38 60 90 18 80 38 27 18 24 18 78 87 48 50 25 79 80 73 17 53 13 96 1 41 53 67 88 88 8 50 47 12 76 3 31 56 41 24 74 66 42 18 18 56 34 43 34 13 82 52 32 95 13 34 2 33 67 90 20 76 5 33 54 82 36 51 37 78 76 77 9 84 61 94 40 96 
2 40 75 84 92 7 79 72 41 81 4 74 36 91 15 41 23 70 89 60 20 92 3 62 69 79 12 96 72 52 91 74 92 66 57 50 39 1 21 46 48 92 19 84 82 35 92 71 71 80 97 57 72 100 19 6 44 98 1 15 49 59 89 6 91 12 22 29 80 43 75 28 0 94 78 48 95 69 19 65 15 15 89 87 82 74 59 25 71 60 41 86 85 96 92 75 74 14 3 54 
23 44 48 91 4 25 38 99 95 57 30 76 73 18 62 20 92 87 45 62 46 86 47 98 48 4 72 21 85 42 75 8 86 22 65 90 14 2 55 75 26 85 50 65 69 78 85 26 64 29 88 76 82 0 73 29 71 45 16 56 53 58 30 4 46 95 61 60 63 15 34 89 66 84 53 34 61 3 26 91 100 13 67 81 80 39 76 50 50 92 72 2 49 1 74 62 62 34 21 25 
49 22 13 81 5 33 81 33 2 6 23 1 19 56 48 65 96 23 81 11 82 53 81 97 54 54 58 16 88 80 7 36 1 87 16 73 86 97 72 89 2 62 90 88 17 4 18 79 27 99 91 75 51 71 72 72 24 96 54 11 41 61 13 8 47 96 82 33 92 19 21 60 81 77 13 65 81 31 43 75 96 33 49 13 3 87 85 94 83 4 4 23 65 17 32 78 12 80 10 70 
99 98 96 46 41 75 10 88 72 53 28 68 53 44 81 22 30 31 16 79 35 20 69 66 4 0 43 83 46 20 19 10 84 14 56 24 90 32 79 61 52 6 95 4 16 75 26 13 72 42 92 6 29 60 38 33 26 82 82 38 68 0 49 51 15 71 42 71 3 20 98 21 93 93 25 76 33 17 89 5 60 80 11 55 6 50 54 99 98 35 37 65 36 86 82 17 56 23 88 25 
9 85 46 69 43 37 44 77 55 32 82 81 78 59 35 84 75 89 83 72 90 86 2 25 71 85 42 93 74 96 85 84 47 30 52 90 34 62 32 89 94 13 35 37 73 70 88 13 24 36 52 13 21 54 5 92 4 13 50 79 9 34 62 22 31 80 78 65 41 10 19 0 90 54 37 28 90 24 42 13 60 94 93 47 13 98 38 18 78 55 63 87 89 91 75 19 70 52 50 77 
62 69 43 52 22 46 80 11 37 88 91 97 81 50 44 61 13 48 45 91 2 7 43 58 64 17 77 100 70 27 76 98 96 85 15 85 30 62 62 67 49 19 30 30 69 40 57 82 88 1 39 57 75 82 14 38 100 57 37 35 50 12 32 12 97 14 97 93 76 24 60 24 43 90 20 11 29 77 60 83 44 65 5 18 46 86 56 11 43 93 46 59 71 45 71 33 59 33 26 0 
58 86 24 67 41 45 79 70 88 4 18 32 69 24 50 81 9 6 93 18 65 4 78 36 15 14 69 40 48 61 40 72 12 65 38 53 76 83 89 63 53 7 95 21 98 45 69 73 17 27 92 82 98 35 17 13 49 53 19 63 80 26 34 93 57 39 45 32 88 0 61 41 74 56 28 71 67 97 9 50 23 0 31 88 35 15 0 51 34 86 13 13 11 14 5 68 19 17 100 6 
17 61 47 57 83 42 27 15 38 36 31 28 3 28 15 4 43 82 55 43 67 35 23 45 49 28 12 68 11 79 74 95 5 88 51 54 29 44 69 33 81 100 27 50 27 8 54 37 56 76 46 23 77 69 34 25 64 46 59 75 24 99 36 29 52 87 83 81 31 17 81 78 83 74 27 77 83 47 80 38 89 25 27 65 61 61 56 24 74 14 65 98 80 0 94 31 88 42 79 85 
60 59 62 8 32 55 85 81 68 64 19 23 56 12 54 16 40 10 40 13 91 71 10 70 72 70 1 25 12 46 76 72 4 37 80 2 58 31 84 92 95 69 81 50 47 35 32 87 45 38 100 35 9 10 72 81 80 73 72 58 18 47 29 89 50 76 57 74 6 40 31 67 75 12 84 22 47 15 8 92 54 8 93 63 85 64 9 30 2 47 89 87 60 84 75 9 59 32 49 31 
38 80 99 80 92 82 1 4 97 76 96 16 50 89 45 0 18 20 98 21 67 52 7 26 35 49 1 61 47 16 92 51 97 56 30 54 37 98 59 0 74 20 83 90 75 28 91 94 48 88 14 82 39 88 74 40 36 76 0 83 92 59 0 54 14 30 75 18 28 33 18 68 53 0 57 95 95 13 88 43 67 68 24 5 55 64 46 58 39 12 6 98 71 6 17 52 3 92 70 31 
91 54 65 10 20 88 4 15 68 92 24 34 25 14 40 46 78 52 3 84 30 77 81 68 83 64 19 86 56 55 83 46 75 13 56 95 1 60 76 69 17 100 69 8 13 75 55 58 26 24 41 23 0 88 91 50 51 76 1 6 97 85 19 71 64 41 31 65 68 7 100 85 6 35 94 87 9 14 44 2 38 85 25 5 72 82 55 22 57 56 96 53 6 14 90 71 21 20 1 89 
27 68 74 34 2 33 87 11 13 30 13 17 81 38 22 52 19 77 40 42 100 1 61 5 82 50 42 3 71 44 92 64 11 31 64 13 30 50 24 43 46 4 61 26 8 83 44 95 26 85 36 25 86 98 97 68 13 39 37 84 49 28 14 60 60 78 39 90 28 29 33 74 33 60 0 42 8 44 36 34 95 38 25 47 35 89 81 15 27 17 99 76 45 12 1 71 91 40 27 85 
69 26 24 69 86 24 10 94 35 12 95 96 50 19 42 52 7 22 67 0 5 31 42 17 10 43 88 67 49 81 51 85 6 75 53 92 66 63 52 67 41 46 62 57 31 71 75 5 59 41 5 65 39 14 48 49 23 35 82 73 83 99 57 89 39 9 47 71 38 99 37 45 10 66 1 41 36 77 12 95 84 18 25 89 99 73 3 21 75 85 94 57 83 16 45 89 92 92 59 96 
56 63 40 32 28 8 74 64 51 86 24 34 70 50 90 68 22 93 56 97 78 49 53 26 32 65 81 23 22 40 19 79 2 25 10 30 33 50 60 84 2 84 85 38 33 74 6 22 66 28 18 9 77 38 2 75 2 83 65 24 22 84 69 91 8 80 20 8 96 46 92 98 30 76 36 29 15 8 51 48 36 36 57 79 74 25 20 42 8 85 66 97 34 35 88 8 81 74 16 76 
20 75 40 16 50 42 11 32 50 29 80 52 31 2 97 4 28 16 46 36 0 78 99 0 79 86 9 59 26 25 1 12 100 41 95 16 83 5 14 99 0 94 50 31 96 12 1 90 29 13 25 96 92 91 97 70 76 5 96 68 97 97 80 63 37 40 45 86 12 59 84 12 52 100 44 13 11 11 3 6 25 95 2 16 85 65 52 27 36 47 61 99 9 7 61 12 47 5 98 59 
64 47 72 82 12 82 62 24 93 65 97 17 25 65 100 77 29 18 70 31 31 30 30 41 37 91 19 85 63 84 9 93 30 81 75 9 28 36 33 88 67 96 71 58 61 37 34 56 55 3 88 86 34 84 93 37 74 12 88 2 62 98 96 92 44 70 67 73 72 66 26 38 62 97 62 22 33 97 44 88 100 31 40 100 14 32 3 55 10 91 57 72 88 18 30 32 88 97 71 25 
63 97 29 24 93 92 12 26 88 56 80 53 54 19 19 34 18 22 55 28 12 79 67 67 97 97 99 51 93 69 76 21 65 5 11 23 63 23 15 50 46 62 69 100 81 88 100 65 76 55 60 55 33 26 21 96 89 86 46 47 20 89 69 51 94 80 74 56 70 56 72 15 17 6 81 98 95 80 29 36 34 89 91 33 81 78 29 69 63 75 15 83 63 50 33 22 97 74 44 66 
29 82 81 46 89 27 9 49 6 4 85 7 93 42 40 39 19 69 7 83 10 90 31 39 5 31 28 1 71 38 33 100 20 80 11 75 6 87 23 13 92 74 20 50 15 60 90 1 96 63 84 72 18 81 77 24 78 71 92 48 9 25 13 96 4 91 70 11 44 59 91 35 99 10 51 14 36 6 15 98 36 65 69 54 11 12 44 90 83 2 3 58 27 84 53 98 74 89 75 17 
13 65 18 12 75 36 26 78 42 7 75 78 38 10 99 49 89 42 4 71 44 75 29 37 58 82 35 98 37 9 82 50 41 100 62 82 35 54 59 44 27 0 21 65 77 19 81 65 28 51 35 38 25 30 76 49 79 77 47 15 52 28 31 93 94 94 41 96 13 100 39 7 66 26 72 42 12 18 6 6 36 8 44 61 38 19 10 16 62 23 98 14 17 29 73 10 89 13 5 1 
13 10 8 45 37 47 88 15 31 60 21 67 68 65 95 6 51 71 89 12 94 87 93 10 15 66 87 3 79 93 71 58 69 46 3 72 59 91 87 56 50 74 23 85 5 84 57 56 54 45 34 13 31 27 90 12 93 76 82 37 34 19 96 3 31 99 41 90 55 28 45 71 68 34 55 73 17 11 95 71 57 29 50 54 22 39 33 14 15 81 17 15 100 12 85 30 10 26 86 31 
54 31 2 88 31 57 61 49 35 55 86 58 50 36 11 72 41 10 52 56 92 70 38 57 82 22 88 59 48 73 90 68 70 92 56 1 15 16 16 50 37 1 7 88 37 85 59 79 62 78 0 53 47 4 9 28 27 63 53 41 2 43 9 38 0 65 39 15 47 55 31 50 23 4 37 26 56 63 71 17 40 38 36 53 42 45 47 69 75 0 10 77 43 86 81 9 16 20 25 63 
41 22 12 64 27 16 91 83 45 61 100 51 99 35 3 7 46 50 42 87 50 52 63 59 3 10 35 19 30 60 82 37 82 61 68 75 43 58 57 88 85 22 38 50 57 7 23 70 57 65 56 74 17 86 99 20 96 33 6 92 59 54 28 7 14 96 82 23 19 5 10 71 27 14 87 51 21 9 20 45 74 42 85 91 27 83 78 22 83 50 80 7 3 8 14 85 70 63 7 90 
68 85 60 61 99 46 78 87 55 64 98 28 6 82 86 100 30 29 89 79 45 68 87 48 76 67 32 46 29 40 1 63 24 61 91 89 73 68 41 94 32 4 88 4 52 39 3 83 34 92 27 79 60 13 27 35 47 59 47 42 65 48 72 55 75 62 10 13 96 17 6 27 22 61 31 74 100 35 22 34 93 50 79 52 29 5 54 76 31 0 85 62 15 56 17 56 17 94 70 79 
10 42 6 99 69 3 73 69 4 61 69 98 10 47 49 6 19 2 48 16 70 32 78 51 88 61 6 71 20 42 50 98 51 22 96 19 92 34 54 97 96 22 60 5 36 75 11 21 44 60 37 13 58 81 30 46 8 2 83 28 45 99 25 62 20 88 81 12 21 35 75 16 23 34 22 25 8 100 46 52 25 83 31 84 30 27 96 38 30 44 32 41 43 24 2 63 11 49 41 32 
50 15 49 74 15 37 99 24 2 45 42 28 94 40 78 90 67 39 94 97 83 26 3 25 50 5 89 27 21 29 59 71 11 74 44 26 10 9 16 13 20 59 7 80 65 85 70 31 23 63 95 72 55 64 98 71 70 86 98 91 81 23 27 58 97 72 85 74 47 67 53 67 92 60 46 56 10 82 54 100 11 14 71 66 78 68 3 13 19 0 70 67 90 98 24 87 35 75 60 82 
8 12 14 100 38 26 56 14 8 76 13 19 90 50 51 67 18 20 81 3 21 50 36 77 13 61 63 48 1 89 29 9 67 9 76 71 36 31 85 10 73 98 96 62 14 46 95 32 67 41 1 54 58 38 30 71 65 60 19 32 14 14 42 82 24 84 52 26 14 3 36 53 0 31 14 14 43 75 12 76 16 81 29 74 18 26 44 49 52 29 81 66 44 89 13 34 72 32 26 52 
35 62 4 1 93 85 83 1 60 61 78 76 41 73 15 25 99 59 74 16 55 21 83 65 9 96 65 48 94 91 100 28 52 71 30 10 55 79 11 14 39 55 56 81 28 71 72 26 97 46 43 51 33 92 82 42 53 46 90 47 36 56 75 88 26 71 64 47 49 41 62 89 97 84 35 24 21 6 16 17 18 25 34 51 16 15 94 70 61 49 16 63 71 57 16 63 95 80 10 43 
20 72 98 83 21 32 6 42 5 23 25 23 48 59 75 31 40 34 67 67 49 83 29 20 5 45 83 100 24 59 9 11 30 73 94 18 5 67 60 10 90 86 100 3 10 40 0 17 74 67 84 90 15 13 76 21 58 24 87 49 84 62 26 13 35 19 98 6 52 58 83 41 9 82 11 86 22 11 2 62 79 87 51 94 100 26 81 23 51 34 38 34 96 64 13 30 50 11 36 1 
35 85 9 10 67 87 96 55 98 99 16 42 51 68 2 16 94 83 5 10 83 44 44 79 7 24 75 57 1 78 25 36 62 34 46 28 20 7 83 84 72 66 93 22 33 95 4 93 43 10 3 26 54 13 71 61 37 45 85 38 89 76 40 51 76 52 45 96 60 95 45 98 60 37 20 93 98 24 51 7 34 54 100 54 34 70 82 37 81 32 42 70 7 82 20 83 0 31 44 26 
25 55 23 85 59 9 77 56 0 28 29 0 48 28 55 48 64 36 86 11 68 27 81 41 75 67 23 75 98 33 0 23 88 24 74 46 33 51 69 33 45 98 34 59 93 55 7 56 91 59 67 24 86 13 65 26 46 54 1 10 87 68 33 74 92 6 87 92 23 55 91 34 18 91 60 10 11 67 33 1 92 66 92 43 80 22 69 25 76 70 35 28 4 34 69 62 7 55 53 97 
76 10 31 94 67 91 71 79 23 3 46 14 69 38 57 14 60 92 40 36 28 41 64 32 42 32 94 15 53 13 11 28 23 42 89 90 99 59 68 88 62 14 68 97 18 91 11 78 83 17 80 10 58 10 8 66 8 1 81 28 14 93 56 3 0 44 94 66 69 27 53 97 7 88 94 92 78 4 70 26 21 15 36 45 92 44 11 0 12 92 28 26 50 50 30 51 61 90 83 29 
83 35 26 57 89 19 48 67 90 84 93 10 100 96 55 91 5 32 57 17 91 51 10 40 1 6 57 28 96 39 57 44 41 49 0 29 34 49 62 23 32 55 100 98 16 21 55 21 53 11 39 43 63 49 50 30 55 73 58 16 12 81 60 19 97 27 48 30 76 10 54 74 31 19 72 47 40 26 68 94 3 73 2 32 88 18 62 8 92 86 24 70 33 51 89 29 78 2 59 19 
79 79 59 76 99 30 22 38 22 57 98 26 29 67 58 17 51 87 92 8 38 16 78 71 33 32 100 77 1 59 96 80 3 54 56 1 51 44 6 73 0 70 65 97 2 90 80 20 76 71 28 13 53 73 51 52 4 50 28 72 75 90 52 79 44 74 46 61 84 18 100 51 55 65 13 57 20 93 77 62 29 72 41 49 44 92 0 14 42 29 87 16 18 4 61 28 44 7 89 27 
25 89 78 80 19 57 3 39 49 46 0 45 17 41 94 27 100 94 42 41 89 28 23 74 32 85 1 76 92 57 69 83 11 13 29 30 70 99 35 86 44 1 30 28 8 90 55 7 49 63 14 38 57 38 11 89 22 79 30 80 35 66 28 46 79 57 42 14 55 77 100 66 78 29 94 53 85 14 60 34 44 75 38 0 12 15 56 0 94 52 46 96 17 74 41 62 98 50 77 52 
26 76 17 71 72 77 23 56 58 49 56 1 23 94 68 1 8 23 68 69 42 13 64 59 54 71 21 51 87 64 2 13 39 87 50 77 29 39 100 53 88 55 20 78 15 89 45 90 78 13 58 19 93 88 45 46 25 32 97 11 96 66 91 0 18 6 78 47 45 43 67 100 98 87 43 79 41 88 69 19 67 93 4 60 81 49 5 72 47 69 49 8 34 6 9 18 12 53 31 24 
96 98 23 59 85 32 38 25 19 73 10 87 65 82 46 11 30 17 83 44 52 99 52 52 4 27 70 16 46 1 40 7 99 29 67 49 61 71 41 47 43 17 33 7 99 45 86 96 28 34 39 81 32 57 32 36 85 2 19 30 70 59 4 34 55 71 50 82 7 91 28 16 74 27 90 73 72 75 68 0 9 73 47 41 29 79 44 80 81 63 77 16 88 81 51 42 17 0 24 91 
57 18 6 30 46 96 69 17 37 36 84 46 75 30 53 71 9 97 16 56 59 93 39 47 39 90 55 22 56 45 12 12 64 85 8 9 47 78 93 84 80 77 96 21 73 14 92 48 11 7 71 36 67 9 49 5 99 71 95 20 15 6 32 79 58 6 54 4 84 47 54 30 23 49 51 62 63 42 10 40 15 81 43 82 90 58 54 54 95 48 74 10 20 72 55 78 44 9 48 95 
22 1 24 11 50 75 73 80 83 83 86 64 29 95 12 18 19 66 38 13 80 78 90 66 49 45 10 60 20 58 54 42 60 78 53 76 18 92 21 67 75 74 30 70 68 42 89 53 74 93 67 19 71 56 52 86 67 62 45 53 86 99 61 45 42 13 88 60 72 75 26 46 48 23 15 83 31 70 35 72 63 1 91 100 24 8 85 57 70 97 10 56 95 71 67 37 51 20 63 22 
96 90 34 43 79 15 92 9 86 27 81 14 95 38 13 18 46 64 76 16 60 52 38 21 22 4 24 39 25 87 61 87 76 95 96 54 10 88 30 62 14 10 76 8 48 55 94 95 85 35 77 11 87 14 32 75 85 56 14 76 42 75 62 85 36 58 4 46 45 34 74 25 11 15 100 59 36 59 19 20 94 62 98 46 76 29 21 27 51 1 2 60 42 65 10 78 89 14 90 33 
15 63 24 93 78 23 51 13 83 37 0 42 99 98 89 41 94 76 68 10 43 70 70 85 0 80 29 89 61 18 88 42 48 11 34 92 35 51 72 84 54 38 25 53 35 13 94 95 55 27 5 98 63 75 49 64 21 78 52 48 62 40 56 76 51 90 68 52 6 5 35 61 43 61 13 44 40 73 39 62 66 44 25 28 85 74 58 72 17 77 86 80 16 41 55 33 97 89 52 3 
94 87 30 36 13 9 81 20 48 19 82 13 29 6 7 80 47 66 18 64 42 3 9 24 11 65 23 7 53 75 77 13 28 6 49 7 82 96 27 29 81 75 42 9 48 16 56 95 82 74 24 23 43 34 47 54 65 36 28 84 11 71 97 5 44 12 12 25 7 6 21 89 81 29 64 95 45 86 55 26 25 80 15 69 80 28 89 10 65 83 94 76 20 57 47 30 35 25 55 42 
31 42 97 79 72 27 73 16 79 28 43 4 7 58 39 53 87 94 63 17 77 22 59 63 45 5 93 80 30 13 89 62 56 51 6 27 44 79 9 23 6 52 27 80 77 66 99 29 25 27 12 68 50 71 30 61 76 89 7 72 2 96 100 24 12 5 51 57 85 26 80 57 45 73 3 21 4 1 16 29 29 28 98 45 99 94 5 40 83 12 11 85 74 78 75 87 83 92 9 33 
17 89 57 62 61 60 49 31 27 65 60 56 59 23 67 23 17 73 63 100 51 41 50 25 18 24 78 67 15 87 0 32 41 57 95 68 83 9 99 9 75 24 32 100 48 99 23 65 37 52 64 89 59 13 80 43 3 23 10 18 76 77 16 16 100 77 84 82 87 48 57 27 72 89 26 19 54 15 84 91 34 13 45 93 26 24 2 96 13 12 80 89 55 97 4 20 39 54 1 25 
1 24 18 40 13 11 59 67 26 9 23 26 22 69 19 15 59 21 10 73 100 91 61 20 53 66 40 92 86 7 84 54 31 1 94 10 79 18 43 5 27 67 98 16 1 83 31 60 70 7 32 69 64 94 55 16 25 95 75 77 1 58 30 100 25 90 9 4 75 53 76 1 86 73 84 87 56 81 46 92 89 45 27 18 4 82 1 29 77 76 72 44 100 2 43 91 58 53 95 32 
72 36 0 23 76 84 9 98 65 21 89 19 32 15 3 36 98 4 65 40 46 3 84 11 72 27 2 29 46 63 62 84 66 28 6 41 11 82 38 42 69 93 27 1 8 98 37 5 68 69 45 14 72 95 92 43 21 60 72 33 23 100 16 55 27 22 96 5 70 100 13 39 92 7 40 66 4 77 37 72 45 48 52 83 43 44 25 30 3 64 64 93 29 46 13 57 35 8 28 4 
74 41 43 32 48 83 98 18 26 35 91 37 83 42 20 92 52 45 22 22 75 52 14 4 98 28 27 32 2 55 37 43 62 80 41 10 29 38 95 55 39 85 92 89 94 78 80 11 23 1 33 64 53 14 68 17 8 95 49 77 49 86 19 11 32 60 88 61 65 48 82 70 33 39 58 93 17 4 3 6 72 37 70 92 17 38 8 25 99 57 1 14 9 88 92 41 13 79 68 44 
26 15 14 25 54 38 84 37 42 88 43 14 91 13 5 7 17 80 32 82 36 100 96 11 87 87 52 67 31 86 10 58 67 91 49 21 29 33 24 37 87 68 51 77 47 22 50 30 1 48 11 4 47 7 15 0 94 34 33 25 86 43 49 53 34 64 40 29 97 64 66 49 98 84 25 10 72 41 40 74 89 18 44 2 25 25 69 85 25 1 76 11 10 91 30 10 55 70 39 17 
100 5 67 64 55 58 74 26 100 81 66 54 99 9 56 90 1 24 40 26 25 16 3 36 73 33 46 27 69 52 11 35 23 44 99 78 1 38 3 67 18 36 21 16 11 77 72 12 68 12 5 93 95 8 95 67 42 7 95 77 25 72 11 48 15 76 92 83 14 61 50 99 97 71 82 8 13 53 87 81 65 92 40 59 67 0 93 75 74 53 51 99 24 29 12 39 4 3 88 85 
65 37 84 61 74 65 35 88 84 89 34 15 80 40 40 12 41 32 87 81 85 38 80 8 33 92 13 3 62 1 89 26 4 38 53 79 69 89 32 52 77 32 67 22 73 7 35 80 5 88 60 91 25 39 65 24 98 79 28 25 46 16 51 16 20 3 61 89 58 93 6 0 92 74 23 64 47 24 43 52 11 2 8 3 8 74 27 72 18 55 97 30 37 47 46 57 16 7 45 75 
66 52 41 57 92 64 20 4 54 29 22 66 32 31 35 6 4 62 78 22 84 40 52 20 53 98 44 35 71 89 9 37 6 17 60 64 81 47 68 1 76 57 67 74 88 1 80 92 29 23 13 12 29 31 100 82 95 43 17 66 98 93 69 71 9 28 34 57 41 69 58 17 25 91 57 12 58 3 70 87 93 49 66 22 80 65 3 74 74 87 5 71 46 74 41 21 69 42 78 9 
77 1 93 1 92 50 80 49 19 15 2 11 64 34 33 43 99 3 83 38 90 55 8 1 28 16 23 63 58 0 39 34 2 98 1 60 13 47 9 32 62 78 44 25 11 77 34 76 80 83 13 36 37 88 3 32 3 26 95 27 27 100 27 96 98 28 55 10 41 30 43 2 7 87 94 18 29 94 94 76 77 73 78 80 61 81 11 64 7 73 92 0 72 85 62 69 13 16 46 20 
13 55 23 20 7 83 5 36 77 65 78 19 38 55 99 99 2 10 28 9 83 86 76 20 71 37 56 50 19 1 70 99 56 59 19 63 42 91 65 85 55 43 3 93 64 1 57 66 11 86 41 60 71 16 81 41 19 36 91 5 3 27 3 59 86 89 88 27 79 18 11 0 27 81 93 92 83 16 23 60 1 65 20 72 47 0 80 33 2 36 38 5 63 7 30 49 97 84 42 41 
1 20 41 96 0 0 87 49 16 9 9 17 40 29 55 88 96 0 87 64 37 24 69 100 98 65 14 94 14 23 35 82 9 42 77 76 42 29 25 58 5 0 41 45 29 97 99 91 97 85 54 100 75 89 66 73 19 80 32 33 69 33 14 44 76 58 20 84 87 11 42 92 11 49 3 6 11 1 97 75 53 16 74 27 71 39 66 90 86 99 89 20 98 69 65 73 26 85 57 80 
62 65 37 73 13 40 79 25 42 41 66 95 23 39 88 60 45 54 15 30 18 3 50 15 38 81 55 31 65 11 10 26 42 47 65 21 88 9 12 96 16 78 56 39 17 43 99 28 63 13 58 81 83 74 63 21 21 17 52 52 95 28 79 2 41 9 23 95 19 36 90 35 13 45 41 97 89 5 24 17 19 48 65 68 89 27 55 9 10 73 61 71 0 5 39 8 82 62 2 0 
64 93 1 44 3 42 6 58 14 31 76 33 45 40 67 100 33 22 75 9 95 2 46 62 74 85 70 55 12 72 21 77 30 23 87 34 31 93 92 45 90 67 44 35 73 11 0 72 100 76 81 94 78 93 55 51 77 91 73 56 63 94 32 93 83 18 93 14 77 85 25 67 17 36 68 57 13 68 28 12 9 76 72 87 34 94 4 78 84 77 33 46 36 31 5 19 15 98 33 92 
48 24 58 32 60 25 89 73 94 83 51 2 24 23 56 59 16 26 36 66 69 35 79 4 66 84 23 81 47 22 72 62 47 97 94 73 21 82 12 81 30 63 50 55 52 5 80 34 98 82 0 66 16 79 70 82 28 60 62 75 48 100 36 61 96 29 34 84 77 46 64 74 75 80 95 27 51 74 27 48 55 27 80 71 5 16 18 33 76 80 75 23 45 77 85 7 73 85 91 49 
97 20 89 71 0 83 64 51 56 92 66 77 85 45 47 91 61 65 90 36 10 30 26 22 7 10 29 80 61 86 95 57 5 84 94 72 66 58 90 89 15 55 65 100 100 79 56 61 9 12 63 20 42 89 8 49 65 37 95 25 89 90 82 60 39 76 32 71 100 21 25 14 42 91 80 41 35 36 68 44 14 31 30 56 86 38 72 51 41 66 42 96 21 91 56 26 32 54 98 31 
41 89 11 83 45 57 23 80 93 92 91 6 89 20 29 74 25 0 91 32 32 33 28 20 23 50 46 55 3 9 52 44 99 63 93 43 19 15 23 79 73 13 51 61 100 46 1 91 46 92 90 45 24 84 65 13 33 10 34 2 20 86 12 85 14 4 27 34 86 16 79 59 96 96 86 96 42 53 52 54 45 41 99 35 24 29 49 57 40 83 25 26 35 37 10 49 41 3 49 94 
20 27 52 15 90 3 77 98 57 29 51 1 70 16 2 61 45 17 84 85 67 9 77 1 12 53 50 20 57 100 13 77 93 65 58 48 34 1 45 91 30 97 58 66 79 61 93 23 44 77 75 10 86 51 11 64 71 28 84 27 94 97 70 52 27 94 0 62 95 45 18 24 7 77 57 86 3 49 76 47 92 50 58 43 67 35 7 37 29 91 30 22 54 100 75 81 60 41 8 54 
86 27 45 60 3 1 45 73 16 87 86 8 36 43 51 70 45 58 73 74 15 3 63 69 69 37 15 28 44 24 83 29 51 27 89 20 95 0 59 77 87 44 85 90 54 36 25 99 60 98 38 41 0 0 9 36 3 25 64 47 49 12 43 66 5 98 86 100 64 44 77 51 88 27 6 41 29 31 5 56 28 44 97 96 10 6 98 81 98 27 94 46 40 36 78 11 34 63 78 98 
73 20 14 26 47 87 34 43 17 39 99 12 49 95 74 26 67 71 6 64 98 100 76 3 2 53 15 2 15 93 66 54 12 47 81 25 33 14 68 17 19 66 96 69 61 69 61 94 5 67 58 69 32 33 39 34 87 20 36 68 12 69 89 91 15 69 15 48 49 50 65 34 15 26 69 42 61 29 2 66 96 60 1 95 93 40 28 45 26 31 80 38 66 68 95 81 2 76 28 17 
25 60 51 7 52 20 15 13 15 17 45 11 43 46 72 36 52 66 47 78 63 26 82 28 94 76 8 96 18 3 12 9 29 30 16 81 50 99 94 65 82 39 42 25 51 13 27 3 46 74 47 8 67 29 37 60 71 11 22 89 14 0 99 43 30 81 91 46 79 84 78 27 22 19 52 74 100 79 43 45 18 90 19 85 85 56 45 56 68 33 10 48 33 8 92 30 90 82 76 34 
31 53 61 20 39 79 60 4 57 2 15 42 58 34 26 43 57 37 65 24 70 75 38 70 50 96 100 5 77 41 5 75 95 67 95 100 11 20 3 35 89 18 77 46 52 2 55 8 40 86 99 76 61 37 11 77 32 77 82 76 18 87 16 79 19 10 78 31 97 81 32 85 65 8 30 16 10 52 92 16 3 56 59 64 59 70 6 92 47 88 33 65 41 49 9 26 25 87 23 88 
33 55 72 98 63 68 80 74 19 37 56 23 94 14 53 52 85 26 9 98 80 8 62 20 23 37 47 14 23 70 1 22 92 73 86 54 41 65 94 26 69 50 15 62 30 35 80 81 27 56 78 6 64 39 27 54 76 40 68 65 76 36 53 67 8 38 88 15 3 81 8 38 97 90 66 94 91 45 74 17 67 52 24 98 57 17 51 33 57 85 64 32 20 17 66 29 55 53 10 24 
100 85 28 63 41 94 56 31 39 29 15 72 81 39 69 38 56 19 37 79 4 67 77 24 84 8 19 5 61 97 96 27 81 24 90 88 17 45 19 22 74 34 95 21 39 63 25 61 49 62 39 53 28 82 43 79 91 63 50 17 25 11 44 72 35 33 60 19 44 79 41 85 79 1 5 84 31 30 44 80 58 49 99 52 30 41 30 87 70 46 4 95 58 48 67 59 48 93 78 92 
71 86 76 15 53 47 99 84 43 42 29 0 57 27 53 87 35 49 40 4 96 44 66 53 58 99 11 5 91 56 64 27 41 5 42 94 19 40 44 62 48 73 63 4 0 15 57 35 64 97 5 59 6 71 78 31 35 56 2 25 11 66 52 18 38 60 11 57 100 55 18 13 95 81 84 95 62 41 96 93 3 67 17 77 4 96 7 39 17 9 31 28 42 83 12 80 9 90 2 75 
11 20 89 5 68 72 66 96 79 61 88 83 27 5 25 98 67 32 37 84 41 68 78 49 16 56 95 92 45 97 67 56 84 55 61 51 26 26 12 72 53 0 54 47 72 79 44 4 77 47 54 84 14 98 33 98 53 27 89 98 24 55 54 74 76 14 91 69 7 2 40 60 69 60 6 6 4 51 10 81 98 64 64 79 61 63 42 80 57 97 78 47 18 31 20 94 11 10 62 18 
12 68 45 48 27 51 54 31 1 31 11 66 95 42 10 22 71 52 1 27 48 45 74 32 76 60 26 54 70 54 38 49 22 83 63 15 34 16 47 1 47 24 33 8 66 43 97 37 61 64 30 9 9 71 7 51 30 33 4 67 54 9 15 42 92 78 57 92 60 70 60 74 95 59 48 26 69 44 63 29 74 60 4 83 30 12 34 26 11 4 93 31 80 7 73 38 51 97 29 78 
66 55 17 60 81 65 87 49 75 15 78 48 41 49 31 71 61 31 98 38 1 90 70 82 64 42 19 81 38 14 24 71 36 41 97 16 5 83 31 80 65 75 28 5 23 25 43 84 56 6 22 57 62 58 38 92 100 23 39 4 38 63 41 74 71 37 56 76 87 87 22 51 61 16 22 85 41 31 34 63 3 22 86 66 80 91 57 46 13 62 16 51 92 57 91 62 94 46 37 80 
99 25 97 60 41 86 10 48 83 10 10 87 100 97 52 45 87 75 91 100 37 6 17 28 63 7 56 23 20 93 69 18 85 66 44 25 17 54 74 100 31 84 86 30 46 3 75 32 79 32 99 82 4 15 76 34 89 31 57 8 90 25 94 74 57 37 66 74 58 5 40 55 55 25 85 1 96 25 33 74 57 31 21 62 12 63 62 1 60 18 76 15 9 35 56 67 39 21 6 97 
26 46 17 81 38 1 48 33 93 82 73 16 79 60 44 58 22 5 59 48 90 0 63 99 36 18 31 75 5 38 37 98 50 54 45 88 21 93 87 80 40 59 96 86 85 5 43 6 10 68 20 100 68 84 65 70 68 96 10 40 100 13 37 50 33 48 3 54 41 57 0 81 82 96 66 67 1 75 39 78 42 60 44 77 43 8 46 77 70 23 16 70 36 20 86 70 68 55 90 8 
11 90 56 94 52 88 26 19 63 65 97 4 24 6 81 33 14 94 10 85 16 93 20 52 12 5 21 81 26 11 89 38 67 10 98 18 99 23 37 61 88 34 31 79 40 12 11 21 72 88 72 88 81 92 39 93 63 27 73 89 4 28 93 71 38 90 90 2 79 93 63 33 93 61 11 100 73 89 20 44 77 58 98 57 49 2 49 78 29 89 66 100 16 25 71 20 14 26 23 60 
18 52 93 78 12 70 77 51 58 97 61 34 54 58 57 69 61 6 12 56 61 78 56 43 69 93 63 84 18 52 9 2 4 1 80 83 37 56 34 95 18 95 29 38 19 86 73 80 58 85 35 85 29 91 27 98 83 57 47 67 75 56 36 79 23 15 28 60 38 62 55 22 22 50 61 41 1 33 87 26 18 22 10 13 79 4 10 28 61 58 95 35 13 30 81 3 12 75 63 16 
2 17 38 24 33 99 32 1 99 85 27 83 73 3 96 52 7 5 46 34 29 6 36 43 3 16 46 15 57 75 31 59 59 35 49 92 34 81 93 32 32 86 14 4 90 76 56 97 81 68 98 10 75 33 19 78 15 31 59 72 5 56 30 64 91 79 22 24 26 14 22 58 67 2 62 56 78 85 18 25 52 15 1 93 48 20 70 63 17 28 34 89 84 30 53 75 9 41 65 35 
55 54 59 88 56 20 43 0 71 62 25 90 77 93 82 25 79 18 54 96 46 89 84 97 18 2 37 94 43 68 95 65 21 53 52 78 40 96 44 77 23 69 66 100 27 48 91 5 66 11 0 78 100 50 40 84 53 77 44 96 45 38 26 66 58 79 9 64 40 53 40 63 88 6 28 14 20 86 19 52 97 86 96 62 36 36 11 55 79 55 16 90 60 43 22 17 88 31 47 27 
51 87 56 38 59 50 19 45 1 38 97 64 91 59 92 26 61 3 47 39 24 63 96 50 5 17 33 59 14 80 52 65 67 74 70 25 24 89 37 92 93 33 56 49 58 13 41 18 16 88 24 7 51 19 57 22 36 91 48 50 70 100 82 2 74 17 95 64 72 31 55 30 30 77 80 89 91 20 6 73 8 30 80 25 15 3 13 51 60 61 68 96 27 15 65 0 32 59 64 70 
56 85 100 86 62 79 74 18 100 47 91 74 43 37 65 59 6 44 76 66 72 9 27 99 91 92 99 89 50 28 58 5 12 58 58 40 36 98 58 1 44 15 41 54 52 72 79 24 16 20 90 54 30 83 52 20 75 16 76 91 10 33 63 89 91 20 29 94 17 53 95 28 68 2 48 86 74 26 9 56 46 65 9 42 48 27 29 89 43 4 79 19 37 41 8 95 27 37 88 45 
56 82 39 91 50 87 42 24 79 52 46 24 83 22 33 30 49 62 18 59 32 64 78 35 4 86 29 32 89 16 43 45 65 48 1 14 34 43 4 79 61 51 69 44 39 1 40 88 29 25 12 61 89 91 97 59 42 92 57 31 8 66 42 73 13 43 53 13 52 58 92 13 75 61 57 80 28 63 67 58 88 46 85 42 36 47 68 44 39 24 75 47 57 83 86 36 92 4 50 44 
62 7 57 2 34 80 82 63 8 15 87 97 61 37 4 63 85 72 6 23 63 48 36 86 97 88 21 89 92 37 99 20 45 55 89 45 0 71 74 8 52 60 71 12 64 42 41 48 13 13 37 42 61 39 27 58 93 15 12 84 52 10 70 63 31 59 8 98 96 82 5 47 8 43 25 38 85 66 86 64 79 89 73 6 27 100 30 86 81 42 69 33 18 5 96 49 64 70 46 25 
18 17 72 93 60 97 30 10 62 15 75 6 70 47 12 97 12 42 82 60 50 16 93 68 88 54 83 17 24 28 42 42 12 13 34 38 9 30 49 37 45 90 44 81 2 22 77 81 31 24 40 81 6 32 15 61 53 98 78 77 26 20 85 4 100 85 42 9 14 91 12 25 46 22 5 48 45 48 29 76 38 35 22 10 68 37 71 20 35 49 63 27 35 47 31 34 98 73 9 11 
30 22 2 76 44 74 91 55 21 86 97 59 20 19 35 54 56 6 74 91 55 2 84 56 15 14 90 12 54 100 90 50 88 58 92 98 31 48 53 52 33 49 77 54 34 12 7 91 85 48 47 5 16 98 61 32 78 50 10 31 15 0 47 2 24 5 67 56 53 19 7 87 34 51 6 69 29 80 25 13 94 38 18 10 35 79 8 13 95 18 10 10 85 24 79 9 29 45 65 82 
64 38 68 65 89 40 100 17 20 91 30 13 28 48 90 30 93 98 43 88 16 19 98 67 43 76 76 72 21 6 20 51 45 54 82 100 95 81 17 81 37 13 60 66 28 50 62 20 47 4 74 29 90 37 97 100 13 38 37 0 45 57 17 90 11 66 89 72 12 72 52 50 52 11 15 80 61 77 66 75 47 6 70 2 43 66 1 22 71 39 89 15 62 6 71 73 38 25 44 50 
64 96 100 15 74 81 61 0 23 93 75 36 99 11 39 42 77 6 64 13 11 53 28 74 25 65 12 63 91 57 12 20 18 79 35 92 59 62 93 83 20 33 85 19 44 23 27 88 97 57 0 7 76 96 47 0 26 60 29 16 83 8 2 0 87 37 59 11 65 17 60 86 50 45 71 61 34 98 14 97 54 81 4 97 76 17 63 2 77 93 85 59 67 88 26 19 91 85 97 56 
1 57 7 17 68 78 78 1 41 92 99 61 73 69 57 14 52 20 83 29 79 34 54 45 21 80 30 78 30 26 100 31 83 6 15 16 50 93 18 91 51 83 52 90 17 8 70 69 95 53 64 73 53 85 84 74 30 13 17 61 6 17 58 55 90 73 72 40 32 56 30 49 38 82 4 21 57 74 56 51 93 87 91 45 37 74 85 67 54 2 94 60 86 18 14 75 57 86 81 55 
41 78 3 45 25 7 32 82 48 89 100 40 41 90 52 78 63 36 44 16 4 4 42 56 89 57 98 45 42 78 0 50 55 70 61 81 78 94 28 25 82 27 31 89 16 83 66 46 86 76 28 56 46 71 12 34 27 9 80 35 53 46 51 75 15 12 21 59 5 49 50 53 43 82 41 25 30 6 37 82 48 66 38 95 36 50 28 29 25 74 64 44 19 82 18 1 94 39 60 99 
55 10 51 64 58 58 55 54 64 93 36 78 58 40 72 60 56 0 89 81 40 18 24 60 100 9 61 93 14 20 57 35 97 7 99 20 31 54 75 61 12 77 39 70 16 10 29 72 77 84 18 17 1 8 43 68 84 3 26 99 90 84 33 53 57 99 73 89 18 13 49 30 90 88 66 72 65 61 9 41 44 27 24 11 2 67 45 86 36 72 84 26 55 84 45 11 48 17 100 66 
31 49 62 87 2 27 59 67 88 68 75 98 62 99 75 64 32 20 15 68 58 100 60 12 49 4 90 97 89 56 28 19 71 90 72 73 16 97 40 70 31 81 33 93 79 7 22 77 94 37 11 51 2 71 29 17 42 19 13 30 75 41 49 45 97 87 84 79 84 90 14 14 70 47 73 15 21 95 92 14 98 2 32 67 40 61 84 82 46 98 11 20 4 26 31 68 12 15 46 62 
4 61 76 75 7 14 56 95 75 47 9 73 16 7 5 56 34 89 37 81 52 14 67 23 40 99 91 18 80 36 81 50 97 22 91 71 37 46 65 11 94 40 50 76 47 55 31 82 44 34 28 62 48 95 85 54 93 75 72 38 78 18 89 40 7 79 10 44 25 42 21 85 82 38 60 96 93 91 43 2 91 71 31 38 65 15 92 24 57 29 62 34 14 50 40 21 29 51 31 20 
59 52 4 40 90 64 1 49 20 44 17 10 14 48 48 46 30 5 70 87 0 31 87 14 48 26 35 77 43 32 63 1 85 67 8 40 30 9 55 16 54 39 26 34 87 40 46 83 45 15 69 11 13 21 26 61 14 27 3 57 60 66 25 10 32 33 16 28 42 38 10 62 77 36 63 29 76 8 12 87 24 47 64 37 69 56 64 49 84 67 5 9 99 30 86 97 63 68 91 72 
5 0 33 48 2 62 78 44 71 56 30 61 2 60 64 37 16 27 86 66 60 58 41 58 54 26 20 17 60 10 55 32 77 54 80 79 16 23 22 87 79 18 47 48 78 10 85 94 3 37 25 63 95 66 87 48 58 73 31 18 49 52 16 25 6 62 3 22 86 92 75 30 9 21 44 53 98 96 13 0 32 38 29 93 4 82 6 28 54 38 46 2 90 62 94 62 91 97 84 76 
