100 100
54 24 72 63 11 16 82 8 11 95 75 9 33 70 1 3 51 7 31 71 11 44 39 68 72 32 29 62 95 80 3 48 3 76 77 15 58 59 90 35 53 31 44 52 0 11 55 18 85 53 55 97 97 95 30 34 93 59 97 88 4 100 1 75 41 79 56 99 3 45 100 22 76 9 75 43 20 96 27 72 48 82 68 10 42 98 45 35 22 7 89 94 73 56 68 14 34 23 79 3 
34 79 26 77 54 0 19 41 62 12 12 10 94 80 87 2 43 98 37 31 71 92 24 44 47 58 58 48 47 2 51 82 47 77 58 1 43 43 42 5 55 54 82 48 100 34 16 8 32 53 39 2 10 30 12 58 88 36 72 1 39 22 83 86 66 40 53 75 83 95 80 3 14 27 51 80 62 34 88 60 53 27 28 64 23 41 88 77 77 59 78 15 47 60 68 12 66 87 54 14 
82 33 17 62 61 35 42 89 69 29 48 21 22 76 85 11 83 38 89 60 97 32 41 44 93 75 22 24 62 76 39 9 76 22 71 2 57 79 91 92 75 4 13 63 46 64 75 29 2 29 55 65 61 96 75 19 71 64 44 99 5 49 7 81 71 44 49 95 23 5 86 64 76 65 26 22 29 0 17 98 29 72 62 91 67 3 76 3 67 19 1 72 34 75 19 72 19 34 66 42 
40 17 5 15 83 31 3 78 99 20 41 94 92 69 50 25 72 26 95 4 11 63 77 46 37 62 17 56 96 49 64 1 66 69 84 14 67 87 58 31 74 99 24 65 68 75 56 5 67 51 10 78 13 53 23 50 81 6 6 76 55 70 44 21 5 27 1 38 80 60 69 53 58 59 85 92 100 40 64 66 91 40 44 3 93 33 20 39 40 93 81 95 28 24 82 33 17 84 71 98 
9 5 16 33 65 0 92 64 41 55 30 31 95 40 1 53 39 88 58 79 80 38 40 7 29 88 41 46 71 78 9 46 50 93 80 14 93 71 44 100 92 74 98 52 80 99 71 19 86 28 64 31 66 3 38 95 92 45 7 28 90 16 41 39 8 20 19 68 57 63 67 48 3 64 100 83 28 70 68 80 64 32 10 29 1 15 91 59 60 98 88 15 80 28 54 55 14 73 22 71 
36 55 18 39 86 84 88 80 19 56 26 83 88 2 78 55 17 68 14 44 31 68 59 11 62 13 32 76 52 20 12 88 75 97 93 26 80 47 6 99 2 32 47 56 34 24 10 18 93 91 62 23 58 20 0 19 100 32 95 52 52 6 5 94 2 65 19 48 11 92 12 80 23 59 35 24 84 11 42 42 2 3 31 60 90 99 80 90 97 40 7 15 13 12 8 15 77 94 30 54 
86 42 33 75 68 34 99 51 46 6 59 14 76 56 40 66 54 86 55 51 26 62 66 5 40 40 20 84 33 16 37 85 59 71 26 26 4 24 43 16 98 1 97 73 23 37 4 78 89 25 95 14 87 60 86 94 66 6 77 65 89 80 50 47 50 76 39 21 66 82 3 29 49 0 2 73 3 6 16 92 32 10 73 85 36 58 44 1 30 87 32 19 67 82 32 83 23 72 3 56 
19 74 85 69 40 53 7 43 26 23 0 24 100 73 75 35 98 19 2 27 5 0 12 38 83 45 21 72 16 91 94 1 64 45 70 3 98 43 12 90 32 13 13 31 52 55 32 49 40 0 43 11 1 55 50 50 66 71 21 48 27 82 50 58 26 19 61 90 29 40 80 61 53 59 93 71 13 24 20 19 25 29 31 93 84 81 42 16 17 63 64 10 10 13 68 36 100 96 26 28 
35 72 89 54 30 47 24 10 38 44 29 29 73 60 21 23 6 63 39 90 92 2 0 2 83 68 4 82 63 30 76 64 1 64 17 99 78 42 8 15 52 37 44 92 64 31 14 36 94 19 26 51 88 93 53 70 26 58 17 56 54 93 19 22 57 37 20 0 45 28 15 97 31 25 88 61 56 68 98 15 87 90 66 41 82 86 10 74 9 28 29 29 20 15 51 43 18 71 43 63 
65 24 25 97 15 13 23 71 47 20 52 0 76 85 41 23 36 17 98 11 45 93 40 32 7 92 41 25 28 51 54 94 75 80 56 57 59 79 27 5 66 46 5 7 97 12 31 32 30 28 43 41 20 49 73 95 6 81 86 35 31 40 95 72 86 16 28 44 61 22 15 93 34 88 0 30 100 31 28 96 25 37 37 11 86 76 5 93 56 58 94 53 98 88 25 49 70 19 93 30 
7 74 23 41 27 23 71 94 54 65 89 45 1 25 56 88 68 28 46 23 86 39 43 49 93 34 98 62 53 56 58 27 29 81 68 23 3 5 16 23 70 4 34 72 97 91 25 30 85 37 19 36 76 62 85 34 96 82 62 15 3 19 42 99 67 9 21 70 81 37 60 17 8 94 89 71 50 80 0 34 16 19 36 58 82 20 58 43 68 86 58 71 4 66 70 71 42 57 7 22 
95 33 39 69 93 94 39 43 39 39 43 55 24 80 79 5 66 36 15 34 21 73 71 93 39 6 29 81 64 36 69 24 35 75 93 28 68 31 37 7 36 80 28 60 25 7 32 92 43 47 92 65 86 28 23 91 35 52 37 65 55 6 89 90 81 47 17 14 44 54 88 80 0 16 39 25 23 37 83 32 84 74 63 70 69 86 26 3 38 64 34 93 70 89 82 16 35 66 30 79 
86 85 58 86 0 63 78 23 0 26 21 50 67 85 86 35 70 12 4 7 42 38 100 78 26 48 94 61 80 90 5 65 74 29 17 40 92 61 63 58 87 51 75 19 35 60 54 4 38 58 12 80 62 78 57 88 92 16 14 71 73 86 36 46 14 19 87 6 46 15 30 32 66 4 18 0 31 72 72 35 97 50 82 58 27 4 12 19 88 93 90 60 79 92 72 93 77 24 65 22 
6 96 21 72 66 39 39 63 10 77 65 73 26 46 31 53 16 9 38 3 1 28 29 46 86 1 39 63 25 3 51 31 65 72 70 98 77 75 60 88 51 24 26 43 36 23 96 53 32 0 22 0 95 52 46 80 19 51 8 44 55 26 42 86 98 78 83 75 18 43 28 69 33 20 78 70 44 73 89 76 39 77 42 33 28 89 13 47 39 88 58 60 13 66 46 78 43 28 18 61 
37 12 96 71 32 73 6 76 11 61 18 51 37 60 50 32 14 63 45 20 17 69 80 97 34 92 74 43 20 92 3 23 3 65 60 36 3 66 78 15 26 96 32 30 56 82 62 70 11 6 90 95 76 36 91 76 27 31 19 13 22 89 3 93 54 63 95 57 29 72 38 21 34 36 51 90 85 79 25 62 52 82 56 27 84 46 69 10 43 88 91 66 77 94 24 97 56 85 19 51 
22 24 73 56 60 90 11 10 69 37 72 20 85 27 13 68 40 48 44 83 36 34 14 79 94 4 41 50 55 60 67 78 84 39 33 10 96 45 20 64 48 93 50 99 86 29 32 92 77 76 41 79 77 21 57 70 26 98 86 81 24 53 24 7 58 58 84 53 69 4 83 83 63 99 47 14 27 79 73 71 20 13 49 97 34 73 33 26 36 18 74 60 37 64 34 96 88 17 14 56 
88 64 4 16 62 51 31 56 96 3 26 16 83 41 12 83 13 45 76 16 30 15 76 33 79 76 95 67 94 9 89 47 73 94 64 34 10 61 56 6 30 82 22 12 90 0 95 2 12 36 85 8 51 61 41 30 2 36 63 62 11 51 9 84 10 73 84 88 100 6 94 29 88 82 41 77 48 1 46 26 38 30 34 55 57 42 51 26 78 13 88 55 31 97 4 41 35 54 28 34 
60 88 63 14 35 70 91 50 38 2 76 76 100 10 97 22 18 48 48 62 61 36 16 58 99 20 100 34 74 94 34 0 48 64 14 49 100 71 99 37 74 41 79 39 17 76 61 35 90 9 97 16 11 79 75 9 99 74 9 38 33 10 4 47 74 18 97 39 90 61 77 29 68 21 68 85 97 95 86 86 70 82 2 81 60 43 57 24 16 66 29 15 76 33 29 15 52 92 55 41 
18 98 36 87 18 3 71 82 64 57 33 34 4 1 14 31 44 71 55 26 3 84 42 45 17 37 61 69 28 82 76 46 79 78 32 97 47 70 44 10 93 78 44 97 79 59 27 23 96 49 49 99 32 57 10 15 94 71 50 21 52 25 34 97 69 66 59 15 1 3 26 94 81 70 57 25 95 50 48 57 99 98 21 98 20 31 12 14 68 63 1 86 54 35 82 23 68 41 38 69 
10 30 63 57 67 86 82 61 35 30 84 0 94 72 98 13 2 9 94 71 38 96 56 93 30 4 15 98 11 19 33 21 50 62 78 16 47 59 43 48 55 94 48 48 65 45 28 33 21 88 70 59 83 93 51 80 97 32 43 7 18 76 28 34 37 72 16 50 30 25 99 52 18 46 66 49 58 94 83 45 48 52 3 30 44 21 76 40 19 19 13 37 95 7 37 99 79 53 48 76 
79 12 94 63 59 59 12 83 19 95 27 67 46 97 97 57 17 73 63 3 58 77 6 18 50 44 16 96 63 31 71 41 43 64 4 68 89 16 50 7 77 43 74 89 40 37 45 23 76 75 93 33 17 100 51 67 43 34 62 5 31 99 13 74 28 84 8 17 66 24 91 42 68 65 30 74 1 42 63 43 83 56 76 100 55 93 32 64 93 61 35 23 25 14 64 20 98 38 3 63 
62 94 4 96 24 1 35 92 9 99 34 58 20 9 57 75 69 55 4 61 15 5 51 7 20 81 27 17 18 30 81 46 90 51 8 14 18 43 5 94 7 40 51 27 15 74 68 50 96 72 78 77 78 28 84 98 75 77 81 59 6 61 4 97 79 12 10 63 56 82 23 29 21 74 57 3 14 24 53 9 97 30 52 40 24 36 3 65 12 84 23 86 11 95 82 90 6 58 18 28 
5 41 58 27 82 14 97 96 4 15 71 67 12 22 6 36 24 9 68 3 94 91 89 4 85 36 60 58 60 44 52 65 86 9 92 67 90 54 28 61 70 65 27 82 53 34 84 78 9 51 81 69 8 69 39 59 71 99 83 30 43 35 95 95 10 53 27 67 6 55 27 76 19 54 57 38 54 7 15 64 58 62 32 32 30 72 92 67 36 74 97 45 8 92 39 86 44 66 52 50 
87 79 93 72 99 15 10 53 22 25 83 81 54 14 79 84 52 70 17 55 10 13 100 85 4 5 70 48 37 21 65 24 66 57 62 65 72 72 84 95 64 66 41 17 46 19 67 99 56 84 53 66 98 18 50 68 23 87 16 61 74 47 51 40 3 12 71 41 85 20 35 48 86 42 31 31 28 98 96 84 48 48 15 45 67 31 12 56 17 95 16 58 7 67 98 10 80 34 52 30 
20 53 44 5 96 75 2 90 38 99 73 86 12 88 97 45 85 76 1 2 70 84 60 78 51 23 54 97 23 72 93 43 25 36 14 87 10 16 76 14 81 14 0 94 68 97 38 52 72 5 20 8 90 46 52 6 69 5 2 58 44 61 67 35 97 81 21 73 64 63 87 44 43 53 37 10 16 42 28 54 47 49 62 36 95 80 42 30 86 10 54 96 71 21 30 33 1 17 5 65 
46 59 76 89 11 12 65 27 54 93 82 68 41 9 3 2 90 12 32 41 89 86 36 60 73 66 59 41 49 65 72 95 23 47 83 0 60 47 28 80 39 76 47 47 51 17 49 40 96 47 47 84 99 83 9 72 14 69 12 29 33 84 23 22 31 5 22 57 18 16 2 24 58 16 71 9 33 86 15 28 99 63 78 97 11 88 34 26 22 12 55 21 63 45 43 60 50 31 16 35 
14 18 59 72 34 96 47 33 81 63 27 79 25 5 41 36 59 76 28 81 88 50 1 50 95 10 9 10 41 92 45 21 77 3 60 77 99 6 10 45 35 3 23 60 8 65 63 67 6 57 13 94 6 14 10 67 24 19 78 32 78 89 53 54 59 79 30 23 86 6 69 20 10 58 47 18 89 76 52 95 32 65 55 5 46 65 72 36 50 49 68 27 38 88 81 97 66 11 19 17 
84 54 4 94 12 17 79 67 93 97 62 24 27 16 29 73 47 1 9 97 16 43 24 20 30 4 83 63 82 2 80 66 22 50 25 0 67 3 68 59 66 29 50 94 11 45 66 58 12 41 54 96 85 78 15 81 49 99 43 97 67 90 28 89 5 54 90 73 23 57 98 90 52 13 49 63 25 14 87 37 22 40 99 6 85 14 53 100 79 63 96 45 18 91 100 23 10 55 62 33 
78 26 89 96 39 37 58 64 18 10 68 40 51 66 12 1 80 31 0 24 94 62 69 11 18 35 1 28 56 63 28 34 89 16 29 95 20 54 58 4 64 92 10 81 58 89 82 3 19 48 28 13 77 63 91 95 64 92 23 20 21 51 20 76 33 49 70 19 69 95 90 100 86 100 80 9 54 28 13 74 42 7 53 18 36 9 13 0 68 2 87 55 19 6 30 52 21 67 38 91 
61 27 90 12 94 35 22 47 29 1 87 72 8 5 90 10 82 69 10 49 71 63 3 56 69 100 8 91 66 12 47 26 5 2 39 99 3 27 12 33 28 65 4 2 71 60 12 52 29 90 67 66 52 36 22 88 35 97 78 1 8 91 27 80 93 32 79 96 59 57 28 87 21 99 55 58 59 68 76 88 23 42 19 75 78 7 28 80 3 5 81 78 62 74 58 20 6 2 16 31 
25 10 85 46 9 39 71 34 73 46 21 96 55 6 37 99 14 65 78 84 37 24 62 65 99 86 86 71 54 1 68 79 78 52 91 53 58 61 87 30 74 74 93 95 81 96 93 61 60 37 44 63 61 72 28 25 23 13 96 77 81 64 55 24 82 12 78 39 73 64 36 46 38 28 6 85 23 100 45 49 2 55 79 63 27 6 55 50 86 16 94 32 80 48 56 28 60 33 33 100 
64 69 11 68 63 18 52 52 84 63 68 86 17 46 14 10 18 69 61 70 86 54 1 31 68 57 25 95 57 59 60 20 27 71 88 57 55 39 8 38 68 42 90 85 88 4 96 72 39 22 41 24 42 42 22 9 66 47 70 22 5 29 42 100 67 29 22 21 34 97 60 1 39 49 52 93 19 47 65 59 35 5 49 77 14 37 53 46 85 22 68 56 52 9 21 18 4 43 5 4 
40 65 5 45 81 57 37 66 71 68 24 72 40 40 49 54 77 1 100 27 90 33 84 7 8 71 92 12 14 98 83 20 28 88 65 75 10 68 41 47 36 31 19 76 71 34 96 14 1 61 41 57 94 91 65 1 62 56 80 42 53 62 28 82 15 93 56 92 26 97 5 62 95 24 3 65 24 99 45 92 59 87 48 18 43 12 86 4 69 31 46 88 59 74 35 40 32 92 32 25 
54 37 53 48 27 57 80 17 21 91 8 47 77 56 31 20 35 17 91 70 48 3 57 74 43 93 13 76 50 45 67 70 48 19 85 75 42 30 92 64 20 66 10 64 22 7 50 23 24 40 93 39 43 15 12 87 74 25 28 23 37 95 60 51 13 44 26 22 74 84 86 60 16 62 23 4 69 73 27 60 80 19 99 89 0 77 75 75 1 69 64 4 29 23 56 9 33 48 31 6 
98 16 67 13 44 56 17 12 96 44 72 75 29 36 63 30 12 4 71 81 73 34 85 2 24 6 11 57 20 42 30 18 24 63 31 68 18 15 46 13 59 18 88 55 54 17 51 33 21 21 13 94 21 64 62 45 37 73 69 57 81 99 75 4 61 73 38 79 88 85 59 12 69 12 33 22 29 84 21 50 71 34 10 59 65 72 70 1 11 38 58 92 36 100 63 63 72 67 8 25 
51 67 3 19 45 37 8 75 87 29 24 24 30 0 83 95 73 52 96 50 57 53 7 59 18 70 22 90 37 30 81 54 63 85 74 7 21 82 82 74 77 73 98 6 39 46 67 11 65 62 61 21 82 69 80 100 4 1 56 7 98 36 28 60 20 1 34 7 49 82 48 25 20 45 99 60 58 65 71 22 94 99 43 75 33 89 40 3 91 62 78 54 99 5 81 18 73 14 93 21 
96 40 12 83 51 10 42 8 42 79 97 35 77 39 76 76 95 82 46 85 44 23 4 42 28 85 26 0 99 85 88 61 24 100 43 42 77 85 50 85 29 47 19 73 52 61 48 46 8 94 97 52 83 1 60 77 52 53 43 51 37 30 78 28 97 87 70 73 37 19 23 66 32 8 38 51 69 53 63 77 46 60 96 96 27 21 72 79 74 15 96 11 11 39 39 7 25 8 46 62 
94 69 28 93 77 32 43 45 85 5 89 98 31 50 93 58 71 30 3 11 45 65 89 57 4 94 64 29 1 10 92 61 45 86 19 22 17 62 33 2 34 88 66 65 3 58 90 75 88 59 52 100 23 40 22 27 33 86 57 0 62 14 27 74 66 47 96 83 8 28 51 8 83 83 40 86 40 96 60 95 54 78 60 43 17 82 37 50 67 94 16 96 74 44 69 39 91 30 88 65 
58 5 74 40 88 80 93 95 75 52 55 95 97 14 37 13 96 74 30 28 33 46 90 73 90 58 11 46 54 66 11 12 71 51 18 24 30 10 85 4 29 39 65 92 53 68 4 48 8 34 77 41 47 66 14 2 91 92 49 44 23 26 22 60 77 7 85 73 84 69 43 79 8 7 70 27 75 41 76 83 41 18 91 88 50 71 57 6 28 72 17 52 98 5 11 40 12 96 12 63 
31 55 7 5 28 44 32 69 85 74 18 92 58 8 80 75 45 2 81 73 74 98 24 37 70 36 77 48 98 55 10 95 76 85 100 70 28 99 38 79 72 56 70 97 64 15 71 8 17 51 48 57 15 72 94 85 74 36 32 38 57 9 32 32 94 32 1 88 30 6 66 68 62 1 64 93 17 0 67 0 52 14 58 33 53 17 84 26 54 82 64 10 91 97 9 50 95 77 3 91 
83 69 24 11 37 55 3 54 55 70 54 73 51 78 72 3 96 55 29 15 37 60 92 27 56 0 44 16 44 47 6 26 83 97 3 19 51 6 73 6 43 93 45 60 71 17 63 66 72 58 81 8 17 72 2 39 39 12 55 83 59 27 75 41 24 79 26 75 51 99 47 60 58 93 19 28 9 82 60 47 40 6 22 23 78 24 63 83 36 17 31 61 11 6 2 35 51 28 76 68 
94 90 28 51 48 47 45 57 96 4 70 1 10 92 24 54 15 87 37 17 71 68 79 82 40 47 83 57 41 24 25 0 13 19 17 61 66 62 84 27 32 54 28 8 45 53 63 27 5 66 10 76 100 55 23 6 1 72 29 9 97 54 9 76 73 94 3 5 55 87 32 54 6 61 62 18 80 91 11 85 22 21 61 89 43 50 61 10 22 90 19 85 44 96 60 83 89 63 88 9 
16 87 29 22 47 92 6 93 48 84 77 37 5 3 25 14 20 52 24 42 41 10 26 51 5 52 34 60 15 88 35 98 74 65 86 87 22 93 79 36 76 22 73 47 25 64 61 45 15 52 53 23 62 45 74 33 98 74 93 79 62 94 76 35 24 61 22 46 19 67 49 62 89 88 75 81 18 36 92 33 54 11 22 15 56 97 14 19 70 73 98 98 66 39 33 91 0 21 2 86 
88 17 47 43 5 22 90 23 24 81 22 44 92 45 59 14 7 39 33 43 11 31 41 77 70 40 33 36 61 2 89 14 19 35 23 24 23 12 13 13 60 36 57 17 47 82 31 54 20 65 63 31 62 70 75 98 9 7 0 36 9 89 17 96 90 40 19 13 19 33 93 79 35 16 62 82 64 94 1 85 24 64 82 52 34 22 49 43 30 49 46 5 3 63 67 94 69 87 73 88 
86 65 32 87 47 95 68 11 54 69 62 44 99 43 96 32 66 10 42 62 26 88 33 29 16 0 22 85 53 95 39 4 26 37 91 73 31 24 84 51 93 45 95 91 55 56 90 87 67 98 14 93 51 13 21 67 80 44 17 32 4 22 2 30 60 93 70 57 16 53 8 75 65 69 32 86 25 21 38 92 85 52 84 35 65 71 1 45 81 85 43 86 7 46 82 67 4 51 23 88 
71 98 28 1 67 60 87 92 47 24 49 31 42 99 66 73 69 33 17 16 85 27 1 92 39 49 24 43 0 13 97 37 11 25 38 44 51 91 1 65 81 50 62 89 14 95 61 83 27 45 99 78 72 66 69 10 15 93 19 82 73 83 85 84 74 89 27 24 45 95 55 25 44 17 80 24 11 40 73 4 85 38 83 56 3 51 32 85 10 52 32 83 0 16 32 74 71 25 98 15 
19 19 6 29 36 86 53 47 26 25 17 77 29 100 100 33 17 31 84 94 49 83 76 49 65 74 22 36 99 87 51 84 5 58 79 7 9 31 20 35 22 37 12 52 3 78 51 20 8 0 13 24 83 55 73 14 28 62 50 93 14 67 76 86 91 20 93 0 17 12 1 5 15 80 23 18 57 74 38 32 41 17 56 90 72 95 3 66 56 19 58 70 53 100 55 43 19 13 9 2 
92 78 8 7 57 31 25 81 72 30 12 12 47 68 68 86 28 38 51 85 23 76 20 76 41 42 86 27 21 95 29 13 72 37 20 96 69 11 76 40 7 88 18 21 21 86 6 49 23 23 100 47 99 87 89 6 95 74 33 15 35 62 28 73 100 14 68 68 93 9 74 100 63 92 87 50 77 59 100 67 83 65 80 47 17 68 53 11 8 86 27 43 48 21 82 13 2 16 81 95 
25 54 60 55 11 47 4 88 5 70 20 54 35 66 1 52 34 20 30 8 73 57 51 20 44 32 100 46 14 46 40 40 100 0 95 77 13 99 64 18 69 51 73 70 16 40 88 16 60 17 24 32 40 41 18 85 40 17 30 54 63 37 94 28 3 54 4 16 19 35 0 88 52 39 23 68 79 10 51 5 28 75 37 68 16 22 18 56 5 49 76 69 52 70 63 21 90 34 3 8 
35 70 62 87 9 85 20 54 62 71 59 90 12 63 23 28 85 42 50 90 57 25 24 75 61 54 96 51 88 99 25 89 68 88 75 43 38 61 98 100 32 56 55 44 18 45 38 69 87 54 59 9 79 83 84 6 2 45 23 90 43 48 78 77 1 18 87 6 80 84 72 78 5 27 88 91 38 92 59 91 45 84 100 90 33 83 96 35 27 85 92 36 33 35 79 0 54 31 6 100 
14 79 43 87 72 97 43 9 88 1 100 99 52 99 54 85 47 16 19 40 0 77 42 33 12 87 0 32 18 6 98 99 85 40 85 56 2 94 31 56 96 30 54 47 95 7 98 7 23 83 47 24 60 55 23 38 42 23 70 60 97 67 24 81 6 76 3 75 69 34 30 30 31 84 43 92 57 40 100 47 90 46 37 49 68 26 87 9 16 22 35 12 89 59 93 61 0 62 35 70 
63 65 100 94 14 43 85 71 49 84 84 38 97 20 53 64 47 39 39 63 27 74 75 15 99 33 42 100 96 77 69 58 7 34 17 21 77 68 59 93 52 42 30 14 63 84 44 76 89 83 38 16 22 79 98 20 11 40 86 73 16 54 97 91 55 80 11 98 48 36 90 66 79 20 80 7 3 90 49 58 72 87 74 60 31 72 80 42 78 66 82 94 86 44 84 6 24 62 4 72 
98 94 37 42 80 83 15 83 72 64 7 9 16 47 69 47 18 48 56 62 80 3 56 32 47 5 38 71 33 42 8 98 2 45 5 82 27 88 31 65 51 38 74 34 85 42 47 70 57 69 31 2 72 53 34 19 25 39 56 24 47 65 21 49 76 94 98 3 81 28 34 98 32 8 98 16 16 45 52 73 13 50 42 86 69 76 71 94 81 26 85 28 57 72 43 33 65 40 2 11 
34 36 9 66 10 6 49 27 17 0 66 31 16 7 83 86 50 19 45 30 11 29 58 69 1 68 1 66 7 3 44 42 5 53 74 16 25 22 9 9 90 75 40 72 49 89 57 99 7 2 95 18 98 19 53 99 87 54 31 60 23 75 1 96 94 42 11 18 64 87 27 19 27 33 92 76 88 14 40 61 16 35 80 14 54 99 79 40 53 9 100 42 84 68 37 77 9 14 62 39 
0 55 25 95 55 16 70 42 30 10 3 13 45 49 94 65 47 72 4 66 48 70 75 31 37 11 75 12 93 36 18 59 57 43 53 11 25 90 54 21 100 23 34 10 38 94 41 85 32 45 17 80 81 92 77 18 69 51 97 61 53 14 87 10 57 39 21 48 28 41 70 94 64 70 70 1 64 10 53 96 21 36 41 2 27 17 87 96 35 83 23 88 64 9 64 87 14 52 35 43 
59 4 2 23 74 39 91 3 49 9 65 37 45 5 5 38 90 92 0 24 40 23 78 3 99 42 91 12 60 92 21 18 96 24 7 35 29 65 5 78 74 70 81 86 42 86 23 31 77 23 21 84 12 99 53 10 6 9 90 66 0 10 51 96 0 24 98 29 89 2 74 29 38 54 14 80 6 3 77 49 94 98 32 5 63 86 83 69 95 72 1 62 82 18 57 49 42 20 78 31 
22 17 60 27 38 40 6 44 9 50 59 2 47 92 75 9 43 57 45 3 28 46 65 76 64 89 24 72 8 69 2 98 52 28 24 90 68 97 100 44 46 59 46 60 16 20 35 25 43 80 28 37 92 60 13 21 14 3 94 89 38 96 52 91 91 42 46 24 39 46 68 51 71 14 10 87 0 46 78 10 92 72 47 84 31 60 71 11 30 64 0 68 26 52 58 16 95 4 40 100 
16 75 50 87 89 27 39 55 39 83 31 30 54 79 80 52 4 51 63 34 81 29 2 73 82 26 55 42 97 62 41 12 36 91 65 91 84 70 45 22 52 77 19 6 21 99 24 25 15 87 60 63 16 28 35 64 20 91 5 17 52 12 96 88 69 61 78 53 97 89 75 49 31 60 21 52 59 11 44 40 98 70 2 80 98 38 9 17 95 81 0 46 93 97 100 62 23 43 14 86 
31 55 0 29 15 21 47 40 32 91 80 97 60 49 42 23 87 18 7 47 99 7 59 92 70 58 19 59 0 33 45 98 54 45 93 35 33 40 75 31 30 21 27 57 70 36 80 22 20 87 69 18 61 27 76 30 51 95 90 17 94 34 14 14 45 7 49 78 13 91 9 9 11 2 66 47 4 12 69 24 99 37 9 25 30 85 56 81 46 11 98 5 11 78 19 56 85 35 0 64 
25 9 74 2 78 5 49 83 17 17 6 83 20 15 7 50 67 29 30 12 6 27 84 17 4 3 40 56 38 40 19 29 15 59 31 93 65 80 75 48 97 48 30 16 29 4 66 62 33 62 74 6 89 24 23 59 27 29 81 31 69 0 60 84 25 91 43 56 36 84 4 32 31 34 14 27 4 46 89 4 7 29 10 62 53 33 87 46 63 68 77 98 34 2 48 59 59 57 15 95 
40 86 93 38 86 6 65 91 18 19 95 92 14 4 53 67 3 39 79 32 73 55 30 6 23 44 66 82 0 47 76 40 32 68 44 17 40 75 74 58 95 68 49 75 72 68 42 76 74 87 74 46 42 3 53 31 13 85 13 80 31 89 20 29 57 30 12 97 5 87 21 66 20 70 40 93 38 48 34 78 35 7 23 43 78 76 74 57 26 87 37 57 42 23 52 99 53 31 61 24 
17 82 90 37 18 97 96 22 44 96 100 45 70 22 88 13 65 28 70 91 14 6 14 22 96 32 20 49 63 48 73 80 96 29 84 13 25 45 35 69 41 0 81 10 23 68 90 54 96 59 44 77 32 24 65 27 57 86 76 19 100 15 66 95 10 15 75 35 60 76 70 67 77 50 43 66 85 32 19 46 58 29 89 90 20 54 16 77 5 59 62 4 40 94 65 50 75 39 51 1 
15 20 68 58 37 78 23 21 76 8 67 33 37 56 22 57 76 5 100 81 30 28 85 70 88 15 86 63 55 36 64 36 56 31 60 59 75 83 80 51 91 13 84 94 35 73 17 10 78 83 91 74 10 41 43 99 56 28 27 77 64 91 79 86 88 38 45 63 20 91 13 77 3 63 37 38 35 54 48 79 2 4 52 80 45 61 44 68 89 71 44 18 61 23 71 48 61 82 10 48 
72 90 91 76 53 27 80 54 47 95 33 16 99 51 96 10 12 39 78 0 9 21 86 70 10 22 84 38 3 61 86 75 50 42 16 69 70 97 23 83 91 22 99 55 73 94 65 85 99 42 52 7 30 3 43 6 25 27 44 28 54 96 69 3 38 86 39 7 48 62 56 4 50 21 59 22 14 91 74 80 32 25 87 28 95 97 35 19 90 79 13 43 75 82 46 12 67 51 86 14 
12 7 85 62 28 44 51 9 34 24 89 32 15 41 27 76 37 62 95 26 6 74 69 47 55 82 25 89 32 10 69 11 85 54 39 12 98 56 21 98 46 76 29 27 17 56 2 54 84 63 47 91 36 82 37 92 63 63 46 62 39 14 39 90 68 78 2 31 0 90 95 46 32 24 74 49 46 76 69 97 39 15 87 75 98 90 32 26 18 44 54 24 59 93 13 93 37 82 24 37 
38 18 83 70 8 22 85 21 99 53 17 3 35 70 44 32 25 43 24 10 87 79 0 45 71 80 38 74 62 28 10 66 12 60 1 88 82 86 75 46 4 92 49 39 27 94 71 18 36 62 28 22 40 28 34 77 75 38 51 36 66 27 68 44 53 35 98 35 20 72 47 24 29 97 30 22 56 0 41 58 62 35 46 68 30 80 45 4 17 62 6 49 89 74 60 42 8 57 43 95 
96 90 85 24 52 14 47 7 82 54 31 9 89 78 78 18 57 89 22 41 50 95 56 4 68 15 12 42 39 55 2 34 11 88 58 29 68 71 3 49 24 34 25 80 11 69 98 35 57 87 42 73 81 98 77 15 13 56 23 52 10 26 52 88 80 76 17 47 47 20 63 37 20 88 16 99 22 81 33 79 67 75 17 13 38 94 28 51 15 18 69 93 44 87 80 23 63 63 36 9 
49 65 12 70 52 29 68 40 9 67 18 42 7 35 55 45 96 50 63 10 68 98 2 78 85 49 67 47 78 2 22 27 68 34 63 86 63 97 26 38 29 10 46 36 12 68 47 74 84 76 50 51 74 19 95 24 68 61 37 45 29 59 38 97 59 0 49 89 63 41 93 92 51 39 94 63 6 41 2 90 16 53 6 56 72 67 46 5 27 49 50 56 74 55 19 33 21 68 21 85 
8 13 42 25 18 36 55 91 77 57 80 59 9 52 82 47 18 94 52 11 43 69 34 16 23 53 49 44 87 36 95 61 16 37 86 0 73 40 92 15 98 71 40 73 90 88 20 74 82 72 52 24 40 86 6 29 38 22 40 91 24 0 51 40 37 36 7 76 77 99 57 40 35 98 79 24 85 65 65 66 37 16 56 43 1 29 39 5 51 79 96 75 45 46 82 83 82 89 24 24 
53 82 30 88 45 76 79 29 40 43 62 43 59 84 53 26 12 92 31 29 36 26 71 81 38 18 29 86 73 54 77 25 1 6 12 46 48 91 41 89 100 2 31 24 53 84 50 65 41 47 61 77 39 31 24 77 15 53 63 88 73 5 79 74 11 57 86 26 14 27 14 13 96 11 38 48 62 54 80 2 1 40 46 40 37 70 84 52 89 12 5 62 17 84 1 95 6 88 20 20 
81 34 0 76 12 4 24 74 58 3 76 25 9 21 32 46 57 15 98 46 27 69 74 44 18 75 38 24 28 59 11 75 59 11 51 71 82 41 44 5 10 87 31 19 74 63 65 31 78 28 43 71 97 16 14 81 57 18 71 52 43 82 26 2 59 43 39 40 50 50 46 60 36 43 79 9 72 43 6 15 37 49 86 100 31 100 80 55 84 51 6 27 32 99 29 58 8 34 98 58 
84 9 18 19 18 97 96 90 6 68 4 43 84 90 43 14 55 22 35 39 39 41 32 38 6 61 96 14 61 59 72 45 69 56 64 87 53 25 43 25 94 47 68 77 3 77 57 58 66 93 63 4 100 95 42 5 21 37 86 83 97 58 27 31 13 57 84 32 49 26 57 42 40 92 85 43 68 41 0 100 100 30 4 100 24 12 71 46 16 57 95 79 81 21 9 60 44 59 93 93 
52 15 0 92 6 85 0 41 93 0 40 92 97 10 57 21 23 28 33 5 85 27 84 31 14 59 91 24 84 83 84 35 65 84 93 71 35 93 78 94 60 85 51 56 95 8 77 84 2 9 89 53 2 38 84 83 97 74 7 47 23 91 82 88 74 75 24 75 33 2 68 93 87 19 49 81 94 25 31 96 1 19 48 70 24 31 53 20 4 60 67 27 50 15 14 90 56 39 65 89 
7 99 82 94 17 30 40 10 21 71 5 89 57 19 25 81 50 78 67 21 3 0 48 19 15 29 75 37 34 39 25 41 4 73 0 21 69 6 99 57 44 70 11 0 90 36 47 5 80 80 26 83 80 75 1 61 70 77 98 3 82 90 10 52 28 10 40 98 16 38 54 26 74 65 26 29 1 39 35 81 19 61 30 65 1 98 26 71 74 90 40 22 45 50 74 74 26 80 71 9 
17 91 35 58 55 28 87 22 67 21 70 86 83 100 51 84 97 43 21 37 99 61 25 44 11 65 84 37 45 54 12 28 44 48 86 65 76 73 88 42 94 23 95 42 22 11 26 85 20 47 21 18 74 12 28 85 78 11 89 89 65 0 16 75 48 2 6 90 75 60 99 34 83 93 77 71 70 69 55 90 82 43 7 55 55 2 6 99 13 95 87 45 61 3 19 9 5 92 65 46 
51 63 46 33 55 89 3 91 57 59 80 4 68 54 26 22 56 32 21 69 26 7 80 87 77 66 62 82 57 27 94 8 56 40 7 78 95 11 68 52 36 48 22 3 68 48 92 90 80 12 24 72 87 4 59 63 70 87 11 26 80 71 0 36 10 8 13 5 86 81 23 88 95 11 91 28 60 48 17 39 27 42 78 13 46 36 42 82 89 19 7 35 91 75 71 0 83 50 72 68 
30 61 55 92 73 11 19 32 59 37 37 52 45 14 65 57 16 74 38 72 93 11 6 83 86 77 50 68 26 88 1 22 49 22 13 88 33 100 86 59 2 22 10 47 3 42 70 86 82 7 57 74 18 63 23 4 5 73 38 98 26 40 20 75 62 100 28 62 65 13 87 67 2 63 80 5 4 49 57 86 22 14 26 41 43 49 11 49 88 49 12 13 55 99 55 84 65 49 11 29 
63 98 63 65 60 8 36 31 24 93 83 46 73 8 53 16 23 64 31 77 80 43 57 0 42 78 50 73 26 61 1 89 24 30 19 51 39 21 82 63 81 30 75 53 5 28 35 28 58 66 72 3 76 28 4 84 5 20 56 31 82 23 87 5 54 72 56 59 94 3 21 74 34 62 93 39 56 95 33 14 26 71 84 1 99 54 51 70 75 73 68 56 97 54 27 16 25 50 75 85 
19 96 24 53 23 17 58 80 11 58 60 3 28 43 5 94 98 22 63 72 96 30 94 58 50 87 74 76 36 48 60 56 9 51 75 32 68 100 78 45 57 37 48 51 81 19 44 44 42 7 82 3 3 75 61 54 61 34 96 64 48 21 86 57 72 60 55 5 25 33 16 82 70 65 33 16 50 43 60 58 16 41 61 20 15 88 40 43 88 35 6 35 22 92 58 95 17 13 66 43 
46 83 91 15 47 90 32 63 33 58 21 15 100 48 35 81 36 41 23 90 42 96 92 65 53 49 25 37 28 91 46 74 39 36 56 86 93 54 15 92 11 36 6 10 84 8 92 86 49 81 42 92 43 33 22 96 48 47 99 77 3 44 50 43 47 72 95 39 25 9 30 37 11 2 13 62 77 71 47 26 52 55 84 95 88 72 56 2 85 55 79 88 99 95 97 45 67 58 50 58 
33 46 95 45 49 75 6 92 45 19 17 63 75 67 23 28 38 80 30 22 0 75 77 65 70 73 10 2 97 26 60 30 73 21 75 88 96 47 79 40 66 63 3 6 96 26 1 34 72 31 22 72 73 99 37 42 38 13 44 0 39 70 30 78 91 4 31 86 51 10 93 84 39 62 56 34 88 57 34 26 55 57 98 94 21 0 35 25 80 45 26 86 81 56 29 72 27 61 23 44 
37 15 94 76 77 16 76 31 73 10 57 94 33 20 87 54 88 88 46 67 99 38 52 80 60 48 51 87 8 40 98 45 56 91 87 99 6 62 29 46 72 52 5 71 73 59 92 26 12 37 93 11 41 11 91 0 59 7 88 33 47 51 78 69 41 30 68 14 92 63 26 30 15 31 0 54 56 92 46 69 95 38 80 35 15 36 36 40 9 90 73 22 40 16 92 47 46 25 27 4 
54 53 34 35 85 0 89 40 59 0 75 53 5 54 89 20 90 91 27 65 46 66 88 52 49 45 99 95 70 26 65 23 45 65 25 96 66 80 2 24 81 77 43 86 31 31 72 87 88 99 52 100 31 5 51 80 50 50 40 86 42 5 75 87 70 100 83 1 80 85 25 60 27 69 45 58 66 16 11 20 15 29 19 12 34 71 92 50 87 31 35 28 2 9 81 73 9 29 40 89 
80 66 48 7 0 59 31 66 75 8 52 56 37 72 68 37 42 25 87 28 57 21 22 25 98 69 64 6 65 4 61 44 70 8 17 36 33 15 1 7 23 54 30 27 92 98 64 33 90 17 27 46 4 15 37 1 84 1 7 14 5 68 25 41 42 42 77 75 23 44 49 47 98 79 40 55 42 3 88 31 87 81 43 92 96 81 93 46 82 0 60 87 34 85 94 43 94 70 17 16 
13 66 29 78 44 69 32 53 39 87 84 25 67 27 83 29 7 76 41 89 42 0 41 42 52 34 85 45 70 2 27 49 34 57 93 45 92 92 98 30 78 81 22 10 7 4 5 14 80 46 69 88 13 76 30 65 76 14 76 45 16 2 95 17 25 87 62 17 44 59 47 21 39 35 99 47 40 3 27 86 16 97 74 29 38 3 94 14 17 35 59 0 37 19 17 63 73 79 80 16 
37 93 4 76 28 2 89 68 72 83 53 88 79 26 16 83 96 76 97 80 10 56 80 48 41 63 77 13 41 56 97 44 14 0 86 42 2 75 76 40 57 96 28 1 88 44 84 84 87 81 63 97 2 42 10 9 71 87 23 11 8 19 55 90 86 40 31 54 81 7 94 3 69 21 4 56 32 55 39 18 1 68 81 70 76 58 79 46 10 68 57 19 87 78 8 38 85 5 92 65 
79 86 69 47 6 39 3 4 60 8 89 61 77 70 97 52 94 76 99 3 43 21 89 97 100 63 34 50 69 93 81 13 78 49 27 50 55 97 55 81 4 9 8 47 79 4 100 72 46 64 42 56 51 30 52 16 94 52 66 28 10 47 41 88 62 68 4 83 64 59 64 35 68 72 82 13 76 47 51 89 77 59 44 28 90 62 44 83 13 77 77 91 23 17 78 51 52 82 34 82 
6 98 16 41 69 65 20 10 11 37 99 55 97 42 83 86 3 93 34 84 69 10 74 58 94 17 9 45 66 43 27 72 40 9 79 75 74 99 51 52 2 50 6 99 58 89 84 28 47 84 11 16 94 51 74 87 68 49 99 100 92 25 72 98 34 16 38 75 82 90 26 84 5 32 82 63 87 31 91 33 14 68 49 74 18 90 26 53 38 24 52 97 49 90 60 50 6 99 91 54 
54 16 37 59 14 85 21 0 15 12 33 96 46 49 69 65 38 61 17 42 86 69 4 0 59 65 50 31 29 6 85 83 22 88 41 36 72 28 2 53 6 36 48 53 85 83 17 89 43 0 97 28 35 1 29 60 32 45 91 61 18 41 9 40 28 50 43 100 78 45 52 85 47 66 3 98 48 20 86 58 87 83 52 21 50 47 82 82 93 38 8 10 80 17 16 7 33 25 74 77 
37 92 27 50 58 30 48 72 16 100 96 2 48 48 24 98 95 72 45 53 9 19 29 89 2 12 63 35 3 2 12 40 94 5 57 17 36 4 56 18 3 51 21 52 65 11 15 26 83 27 45 58 46 75 13 49 53 76 50 56 44 62 63 3 68 19 88 70 23 43 88 93 60 75 10 92 86 93 17 34 19 62 93 65 2 5 80 55 47 30 78 91 58 40 60 92 25 47 61 14 
56 15 6 83 90 84 74 42 76 57 76 95 85 34 25 54 39 72 75 52 1 52 8 59 58 69 17 83 82 44 63 38 59 70 87 15 19 26 23 95 49 65 55 33 100 80 53 4 17 28 23 18 46 31 44 4 100 61 53 48 71 16 52 30 52 38 11 71 64 0 65 79 65 86 11 30 31 65 1 49 59 24 33 4 55 77 8 21 3 28 69 75 44 20 71 96 24 82 32 54 
48 63 32 12 48 9 9 79 40 10 94 99 34 27 3 89 3 78 9 74 5 44 48 15 64 18 77 54 66 8 7 13 71 39 92 85 15 0 30 55 10 23 20 44 50 23 100 20 67 8 94 39 53 41 54 83 25 31 37 57 5 10 70 43 16 27 27 31 28 57 86 4 47 5 15 97 95 14 16 62 89 76 67 41 16 20 91 7 17 27 64 23 37 100 66 53 27 59 50 21 
83 2 92 29 74 6 92 69 20 8 97 9 84 63 16 67 49 6 74 67 100 4 56 37 3 88 56 30 46 6 51 95 75 43 23 48 15 15 83 2 90 45 11 39 74 94 72 23 0 12 56 100 16 11 2 19 99 25 50 10 98 67 5 72 76 95 86 58 9 69 60 65 13 71 4 54 30 42 77 30 54 99 97 70 9 65 56 74 56 72 50 53 38 21 91 81 16 77 38 92 
11 98 57 24 34 27 78 64 69 20 61 90 18 23 59 94 54 14 33 10 86 84 29 91 4 20 37 20 63 41 12 74 4 35 64 38 28 42 68 97 28 95 52 13 84 11 6 38 92 40 14 44 90 43 0 94 63 3 81 25 44 93 65 48 94 29 52 21 37 86 84 65 81 36 44 64 13 51 68 71 57 82 81 46 25 47 39 54 50 19 46 60 78 10 7 37 5 25 24 42 
11 8 74 58 10 17 21 90 68 56 26 91 3 74 36 28 20 42 49 37 27 61 97 72 37 71 75 43 96 100 85 6 74 58 64 84 76 52 39 9 74 31 67 77 4 69 72 25 77 20 62 4 81 24 42 17 95 16 26 91 15 11 63 89 35 27 38 77 45 43 53 18 75 19 95 79 88 66 70 31 86 98 1 32 22 43 16 83 25 42 73 41 19 36 96 55 29 0 98 74 
43 50 92 17 69 86 63 23 52 32 20 3 97 21 2 18 64 85 0 89 26 40 96 12 42 58 33 71 58 30 44 0 81 1 85 15 87 13 4 4 11 24 75 7 45 43 92 75 27 59 30 19 99 25 31 6 83 64 77 6 61 20 74 41 88 24 22 74 37 27 45 48 51 86 22 63 28 13 37 55 38 67 74 36 93 72 42 41 1 85 14 62 71 88 69 58 78 92 32 14 
85 43 28 35 28 50 98 56 30 1 77 68 68 16 71 26 54 79 34 56 64 48 84 34 1 19 59 79 10 57 59 95 100 87 96 94 3 60 15 33 61 92 0 95 74 37 21 28 16 55 50 46 69 33 46 36 52 4 14 28 61 73 89 60 25 85 53 28 44 68 61 71 25 28 65 100 31 86 94 47 6 43 93 41 42 39 77 61 43 57 89 71 29 78 30 55 28 50 49 38 
84 77 8 76 4 73 41 35 25 34 49 98 43 7 39 51 12 15 11 22 73 67 93 68 10 22 89 38 38 38 76 22 14 50 64 85 22 4 86 13 4 34 11 47 8 16 98 20 31 76 42 70 42 34 4 52 23 93 56 61 97 98 49 77 47 12 61 35 83 13 49 87 13 26 100 21 42 98 42 39 73 84 76 81 18 80 32 41 38 54 68 35 51 17 78 98 96 5 32 79 
18 47 31 31 39 31 53 81 95 95 20 67 44 96 13 28 41 11 69 79 65 3 80 15 20 58 79 82 29 77 26 47 24 58 44 63 89 63 10 49 23 30 15 68 92 95 96 32 5 31 77 70 34 57 51 20 81 29 68 9 5 95 22 96 52 66 25 6 96 35 55 18 31 36 86 89 97 48 87 1 79 63 37 79 86 88 65 66 16 32 41 88 26 63 50 44 96 75 16 91 
76 37 75 73 73 27 61 69 75 47 36 19 9 73 64 96 60 28 27 42 60 35 30 87 98 46 97 59 20 13 15 62 50 91 34 90 17 95 24 58 7 61 43 16 33 6 78 60 34 72 1 94 6 98 46 70 43 43 29 29 22 10 91 72 67 91 61 50 85 52 7 58 12 50 75 45 22 18 4 56 56 73 16 62 70 28 32 80 37 27 8 59 3 66 98 71 56 24 20 7 
